2.16328
-1.30892
2.16328
-1.3087
2.16328
-1.30858
2.16328
-1.30859
2.16328
-1.3083
2.16328
-1.30799
2.16328
-1.30783
2.16453
-1.30772
2.16453
-1.30747
2.16453
-1.30719
2.16453
-1.30684
2.16453
-1.30665
2.16453
-1.30655
2.16453
-1.30625
2.16453
-1.3059
2.16453
-1.30545
2.16453
-1.30524
2.1685
-1.30511
2.1685
-1.30473
2.1685
-1.30439
2.1685
-1.30413
2.1685
-1.30388
2.1685
-1.30349
2.1685
-1.3031
2.1685
-1.30281
2.1685
-1.30269
2.1685
-1.30222
2.16514
-1.30162
2.16514
-1.30133
2.16514
-1.30111
2.16514
-1.30065
2.16514
-1.30024
2.16514
-1.2999
2.16514
-1.29954
2.16514
-1.29912
2.16514
-1.29874
2.16514
-1.29854
2.16218
-1.29803
2.16218
-1.29749
2.16218
-1.29723
2.16218
-1.29682
2.16218
-1.29641
2.16218
-1.29597
2.16218
-1.29548
2.16218
-1.29508
2.16218
-1.29473
2.16218
-1.29428
2.16234
-1.29379
2.16234
-1.29333
2.16234
-1.29292
2.16234
-1.29245
2.16234
-1.29202
2.16234
-1.29172
2.16234
-1.29118
2.16234
-1.29063
2.16234
-1.29022
2.16234
-1.28984
2.1664
-1.28926
2.1664
-1.2888
2.1664
-1.28842
2.1664
-1.28783
2.1664
-1.28743
2.1664
-1.28718
2.1664
-1.28663
2.1664
-1.28604
2.1664
-1.28562
2.1664
-1.28522
2.16492
-1.28463
2.16492
-1.28417
2.16492
-1.28373
2.16492
-1.28329
2.16492
-1.28286
2.16492
-1.28238
2.16492
-1.28189
2.16492
-1.28127
2.16492
-1.28085
2.16492
-1.28041
2.16207
-1.27996
2.16207
-1.27949
2.16207
-1.27902
2.16207
-1.27855
2.16207
-1.27794
2.16207
-1.27752
2.16207
-1.27714
2.16207
-1.27668
2.16207
-1.27617
2.16207
-1.27556
2.16372
-1.27514
2.16372
-1.27482
2.16372
-1.2743
2.16372
-1.27373
2.16372
-1.27309
2.16372
-1.27268
2.16372
-1.27235
2.16372
-1.27179
2.16372
-1.27128
2.16372
-1.27083
2.16853
-1.27021
2.16853
-1.26978
2.16853
-1.26943
2.16853
-1.26886
2.16853
-1.26836
2.16853
-1.26789
2.16853
-1.26741
2.16853
-1.26678
2.16853
-1.26635
2.16853
-1.26591
2.16294
-1.26545
2.16294
-1.26498
2.16294
-1.2645
2.16294
-1.26401
2.16294
-1.26352
2.16294
-1.26288
2.16294
-1.26245
2.16294
-1.2621
2.16294
-1.26152
2.16294
-1.26101
2.1626
-1.26054
2.1626
-1.25991
2.1626
-1.25948
2.1626
-1.25906
2.1626
-1.25859
2.1626
-1.25808
2.1626
-1.25775
2.1626
-1.25719
2.1626
-1.25662
2.1626
-1.256
2.16737
-1.25557
2.16737
-1.25523
2.16737
-1.2547
2.16737
-1.25412
2.16737
-1.25346
2.16737
-1.25304
2.16737
-1.2527
2.16737
-1.25213
2.16737
-1.2516
2.16737
-1.25114
2.16451
-1.25052
2.16451
-1.25008
2.16451
-1.24972
2.16451
-1.24914
2.16451
-1.24863
2.16451
-1.24815
2.16451
-1.24753
2.16451
-1.2471
2.16451
-1.24667
2.16451
-1.2462
2.16234
-1.24577
2.16234
-1.24525
2.16234
-1.24457
2.16234
-1.24413
2.16234
-1.24378
2.16234
-1.2432
2.16234
-1.24268
2.16234
-1.24222
2.16234
-1.2416
2.16234
-1.24115
2.16509
-1.24079
2.16509
-1.24021
2.16509
-1.23969
2.16509
-1.23922
2.16509
-1.23873
2.16509
-1.23809
2.16509
-1.23765
2.16509
-1.23722
2.16509
-1.23675
2.16509
-1.23624
2.16684
-1.2356
2.16684
-1.23516
2.16684
-1.23476
2.16684
-1.23415
2.16684
-1.23368
2.16684
-1.23326
2.16684
-1.23263
2.16684
-1.23218
2.16684
-1.23181
2.16684
-1.23123
2.16275
-1.23072
2.16275
-1.23025
2.16275
-1.22962
2.16275
-1.22918
2.16275
-1.22882
2.16275
-1.22825
2.16275
-1.22773
2.16275
-1.22725
2.16275
-1.22663
2.16275
-1.22619
2.16372
-1.22576
2.16372
-1.22529
2.16372
-1.22477
2.16372
-1.22444
2.16372
-1.22388
2.16372
-1.2233
2.16372
-1.22268
2.16372
-1.22224
2.16372
-1.2219
2.16372
-1.22136
2.1701
-1.22078
2.1701
-1.22012
2.1701
-1.21969
2.1701
-1.21934
2.1701
-1.21877
2.1701
-1.21824
2.1701
-1.21778
2.1701
-1.21716
2.1701
-1.21671
2.1701
-1.21627
2.16366
-1.2158
2.16366
-1.21529
2.16366
-1.21477
2.16366
-1.21414
2.16366
-1.21371
2.16366
-1.21335
2.16366
-1.21278
2.16366
-1.21226
2.16366
-1.2118
2.16366
-1.21118
2.16308
-1.21074
2.16308
-1.2103
2.16308
-1.20982
2.16308
-1.20931
2.16308
-1.2088
2.16308
-1.20828
2.16308
-1.2078
2.16308
-1.20732
2.16308
-1.20681
2.16308
-1.20631
2.16732
-1.20568
2.16732
-1.20524
2.16732
-1.20478
2.16732
-1.20431
2.16732
-1.20383
2.16732
-1.20334
2.16732
-1.20284
2.16732
-1.20233
2.16732
-1.20169
2.16732
-1.20125
2.16526
-1.20085
2.16526
-1.20023
2.16526
-1.19977
2.16526
-1.19933
2.16526
-1.19871
2.16526
-1.19826
2.16526
-1.19785
2.16526
-1.19723
2.16526
-1.19677
2.16526
-1.19634
2.16289
-1.19572
2.16289
-1.19527
2.16289
-1.19485
2.16289
-1.19424
2.16289
-1.19378
2.16289
-1.19335
2.16289
-1.19273
2.16289
-1.19228
2.16289
-1.19186
2.16289
-1.19125
2.16549
-1.19079
2.16549
-1.19036
2.16549
-1.18974
2.16549
-1.18928
2.16549
-1.18887
2.16549
-1.18826
2.16549
-1.18779
2.16549
-1.18736
2.16549
-1.18674
2.16549
-1.18629
2.16764
-1.18588
2.16764
-1.18526
2.16764
-1.1848
2.16764
-1.18437
2.16764
-1.18375
2.16764
-1.1833
2.16764
-1.18288
2.16764
-1.18227
2.16764
-1.18181
2.16764
-1.18138
2.16337
-1.18076
2.16337
-1.1803
2.16337
-1.17989
2.16337
-1.17927
2.16337
-1.17881
2.16337
-1.17838
2.16337
-1.17776
2.16337
-1.17731
2.16337
-1.17693
2.16337
-1.17635
2.16415
-1.17583
2.16415
-1.17536
2.16415
-1.17474
2.16415
-1.1743
2.16415
-1.17386
2.16415
-1.17338
2.16415
-1.17292
2.16415
-1.17239
2.16415
-1.17195
2.16415
-1.17145
2.17037
-1.17076
2.17037
-1.17031
2.17037
-1.16991
2.17037
-1.16928
2.17037
-1.16882
2.17037
-1.16842
2.17037
-1.16785
2.17037
-1.16733
2.17037
-1.16689
2.17037
-1.16643
2.16452
-1.1659
2.16452
-1.16545
2.16452
-1.16494
2.16452
-1.16424
2.16452
-1.16379
2.16452
-1.16338
2.16452
-1.16275
2.16452
-1.16229
2.16452
-1.1619
2.16452
-1.16132
2.16357
-1.16081
2.16357
-1.16037
2.16357
-1.15991
2.16357
-1.15938
2.16357
-1.15893
2.16357
-1.15842
2.16357
-1.15773
2.16357
-1.15727
2.16357
-1.15686
2.16357
-1.15624
2.16791
-1.15577
2.16791
-1.15538
2.16791
-1.15481
2.16791
-1.15429
2.16791
-1.15386
2.16791
-1.15339
2.16791
-1.15287
2.16791
-1.15242
2.16791
-1.15191
2.16791
-1.15122
2.16603
-1.15076
2.16603
-1.15035
2.16603
-1.14973
2.16603
-1.14927
2.16603
-1.14887
2.16603
-1.1483
2.16603
-1.14779
2.16603
-1.14735
2.16603
-1.14689
2.16603
-1.14636
2.16352
-1.14591
2.16352
-1.1454
2.16352
-1.14471
2.16352
-1.14426
2.16352
-1.14385
2.16352
-1.14323
2.16352
-1.14276
2.16352
-1.14237
2.16352
-1.14179
2.16352
-1.14128
2.16588
-1.14085
2.16588
-1.14039
2.16588
-1.13986
2.16588
-1.13941
2.16588
-1.1389
2.16588
-1.13821
2.16588
-1.13776
2.16588
-1.13734
2.16588
-1.13673
2.16588
-1.13626
2.16847
-1.13587
2.16847
-1.13529
2.16847
-1.13478
2.16847
-1.13435
2.16847
-1.13389
2.16847
-1.13336
2.16847
-1.13291
2.16847
-1.1324
2.16847
-1.13171
2.16847
-1.13126
2.16402
-1.13084
2.16402
-1.13023
2.16402
-1.12976
2.16402
-1.12937
2.16402
-1.12879
2.16402
-1.12828
2.16402
-1.12785
2.16402
-1.12739
2.16402
-1.12686
2.16402
-1.12641
2.16456
-1.1259
2.16456
-1.12521
2.16456
-1.12476
2.16456
-1.12434
2.16456
-1.12373
2.16456
-1.12326
2.16456
-1.12287
2.16456
-1.1223
2.16456
-1.12179
2.16456
-1.12135
2.17083
-1.12089
2.17083
-1.12036
2.17083
-1.11991
2.17083
-1.1194
2.17083
-1.11871
2.17083
-1.11826
2.17083
-1.11785
2.17083
-1.11723
2.17083
-1.11676
2.17083
-1.11637
2.16517
-1.1158
2.16517
-1.11529
2.16517
-1.11485
2.16517
-1.11439
2.16517
-1.11386
2.16517
-1.11341
2.16517
-1.1129
2.16517
-1.11222
2.16517
-1.11176
2.16517
-1.11135
2.16414
-1.11073
2.16414
-1.11027
2.16414
-1.10987
2.16414
-1.1093
2.16414
-1.10879
2.16414
-1.10835
2.16414
-1.10789
2.16414
-1.10736
2.16414
-1.10691
2.16414
-1.1064
2.16803
-1.10572
2.16803
-1.10526
2.16803
-1.10485
2.16803
-1.10424
2.16803
-1.10377
2.16803
-1.10338
2.16803
-1.1028
2.16803
-1.10229
2.16803
-1.10186
2.16803
-1.1014
2.16712
-1.10087
2.16712
-1.10041
2.16712
-1.0999
2.16712
-1.09922
2.16712
-1.09877
2.16712
-1.09835
2.16712
-1.09774
2.16712
-1.09727
2.16712
-1.09688
2.16712
-1.09631
2.16423
-1.0958
2.16423
-1.09536
2.16423
-1.0949
2.16423
-1.09437
2.16423
-1.09392
2.16423
-1.09341
2.16423
-1.09272
2.16423
-1.09227
2.16423
-1.09186
2.16423
-1.09124
2.16646
-1.09078
2.16646
-1.09038
2.16646
-1.08981
2.16646
-1.0893
2.16646
-1.08886
2.16646
-1.0884
2.16646
-1.08787
2.16646
-1.08742
2.16646
-1.08691
2.16646
-1.08623
2.1695
-1.08577
2.1695
-1.08536
2.1695
-1.08474
2.1695
-1.08428
2.1695
-1.08388
2.1695
-1.08331
2.1695
-1.0828
2.1695
-1.08236
2.1695
-1.08191
2.1695
-1.08138
2.16486
-1.08092
2.16486
-1.08041
2.16486
-1.07973
2.16486
-1.07928
2.16486
-1.07886
2.16486
-1.07825
2.16486
-1.07778
2.16486
-1.07739
2.16486
-1.07681
2.16486
-1.07631
2.16529
-1.07587
2.16529
-1.07541
2.16529
-1.07488
2.16529
-1.07442
2.16529
-1.07391
2.16529
-1.07323
2.16529
-1.07278
2.16529
-1.07236
2.16529
-1.07175
2.16529
-1.07129
2.17129
-1.07089
2.17129
-1.07032
2.17129
-1.06981
2.17129
-1.06937
2.17129
-1.06891
2.17129
-1.06838
2.17129
-1.06793
2.17129
-1.06742
2.17129
-1.06674
2.17129
-1.06628
2.16602
-1.06587
2.16602
-1.06525
2.16602
-1.06479
2.16602
-1.06439
2.16602
-1.06382
2.16602
-1.06331
2.16602
-1.06287
2.16602
-1.06242
2.16602
-1.06188
2.16602
-1.06143
2.16476
-1.06092
2.16476
-1.06024
2.16476
-1.05979
2.16476
-1.05937
2.16476
-1.05876
2.16476
-1.05829
2.16476
-1.05789
2.16476
-1.05732
2.16476
-1.05681
2.16476
-1.05637
2.1685
-1.05592
2.1685
-1.05539
2.1685
-1.05493
2.1685
-1.05442
2.1685
-1.05374
2.1685
-1.05329
2.1685
-1.05287
2.1685
-1.05226
2.1685
-1.0518
2.1685
-1.0514
2.16801
-1.05083
2.16801
-1.05032
2.16801
-1.04988
2.16801
-1.04942
2.16801
-1.04889
2.16801
-1.04843
2.16801
-1.04792
2.16801
-1.04725
2.16801
-1.04679
2.16801
-1.04638
2.16498
-1.04576
2.16498
-1.0453
2.16498
-1.0449
2.16498
-1.04433
2.16498
-1.04382
2.16498
-1.04338
2.16498
-1.04293
2.16498
-1.04239
2.16498
-1.04194
2.16498
-1.04142
2.16681
-1.04075
2.16681
-1.0403
2.16681
-1.03988
2.16681
-1.03927
2.16681
-1.0388
2.16681
-1.0384
2.16681
-1.03783
2.16681
-1.03732
2.16681
-1.03688
2.16681
-1.03643
2.17098
-1.0359
2.17098
-1.03544
2.17098
-1.03493
2.17098
-1.03425
2.17098
-1.0338
2.17098
-1.03338
2.17098
-1.03277
2.17098
-1.03231
2.17098
-1.0319
2.17098
-1.03134
1.34695
-1.03083
1.34695
-1.03039
1.34695
-1.02993
1.34695
-1.0294
1.34695
-1.02894
1.34695
-1.02843
1.34695
-1.02776
1.34695
-1.0273
1.34695
-1.02688
1.34695
-1.02627
1.33618
-1.02581
1.33618
-1.02541
1.33618
-1.02484
1.33618
-1.02433
1.33618
-1.02389
1.33618
-1.02344
1.33618
-1.0229
1.33618
-1.02244
1.33618
-1.02193
1.33618
-1.02126
1.33166
-1.0208
1.33166
-1.02039
1.33166
-1.01978
1.33166
-1.01931
1.33166
-1.01891
1.33166
-1.01834
1.33166
-1.01783
1.33166
-1.01739
1.33166
-1.01694
1.33166
-1.01641
1.32967
-1.01594
1.32967
-1.01543
1.32967
-1.01476
1.32967
-1.01431
1.32967
-1.01389
1.32967
-1.01328
1.32967
-1.01281
1.32967
-1.01241
1.32967
-1.01184
1.32967
-1.01134
1.32956
-1.01089
1.32956
-1.01044
1.32956
-1.00991
1.32956
-1.00945
1.32956
-1.00894
1.32956
-1.00827
1.32956
-1.00781
1.32956
-1.00739
1.32956
-1.00678
1.32956
-1.00632
1.33135
-1.00591
1.33135
-1.00535
1.33135
-1.00484
1.33135
-1.0044
1.33135
-1.00394
1.33135
-1.00341
1.33135
-1.00295
1.33135
-1.00244
1.33135
-1.00177
1.33135
-1.00131
1.33018
-1.00089
1.33018
-1.00029
1.33018
-0.999821
1.33018
-0.999417
1.33018
-0.99885
1.33018
-0.998343
1.33018
-0.997899
1.33018
-0.997448
1.33018
-0.996915
1.33018
-0.996451
1.32947
-0.995941
1.32947
-0.995272
1.32947
-0.994817
1.32947
-0.994397
1.32947
-0.99379
1.32947
-0.993324
1.32947
-0.992919
1.32947
-0.992353
1.32947
-0.991846
1.32947
-0.991402
1.33065
-0.990951
1.33065
-0.990417
1.33065
-0.989953
1.33065
-0.989443
1.33065
-0.988775
1.33065
-0.98832
1.33065
-0.9879
1.33065
-0.987293
1.33065
-0.986828
1.33065
-0.986422
1.33094
-0.985856
1.33094
-0.985349
1.33094
-0.984904
1.33094
-0.984454
1.33094
-0.98392
1.33094
-0.983455
1.33094
-0.982945
1.33094
-0.982278
1.33094
-0.981823
1.33094
-0.981403
1.32967
-0.980796
1.32967
-0.980331
1.32967
-0.979924
1.32967
-0.979359
1.32967
-0.978852
1.32967
-0.978407
1.32967
-0.977957
1.32967
-0.977423
1.32967
-0.976957
1.32967
-0.976447
1.33022
-0.975781
1.33022
-0.975326
1.33022
-0.974905
1.33022
-0.9743
1.33022
-0.973834
1.33022
-0.973427
1.33022
-0.972862
1.33022
-0.972355
1.33022
-0.97191
1.33022
-0.97146
1.332
-0.970926
1.332
-0.970459
1.332
-0.969949
1.332
-0.969284
1.332
-0.968829
1.332
-0.968408
1.332
-0.967803
1.332
-0.967337
1.332
-0.966929
1.332
-0.966365
1.33004
-0.965858
1.33004
-0.965412
1.33004
-0.964963
1.33004
-0.964429
1.33004
-0.963961
1.33004
-0.963452
1.33004
-0.962787
1.33004
-0.962332
1.33004
-0.961911
1.33004
-0.961306
1.33008
-0.96084
1.33008
-0.960431
1.33008
-0.959868
1.33008
-0.959361
1.33008
-0.958915
1.33008
-0.958466
1.33008
-0.957932
1.33008
-0.957464
1.33008
-0.956954
1.33008
-0.95629
1.33202
-0.955835
1.33202
-0.955413
1.33202
-0.954809
1.33202
-0.954343
1.33202
-0.953934
1.33202
-0.95337
1.33202
-0.952864
1.33202
-0.952417
1.33202
-0.951969
1.33202
-0.951435
1.33058
-0.950966
1.33058
-0.950456
1.33058
-0.949793
1.33058
-0.949338
1.33058
-0.948916
1.33058
-0.948312
1.33058
-0.947846
1.33058
-0.947436
1.33058
-0.946873
1.33058
-0.946367
1.32998
-0.94592
1.32998
-0.945472
1.32998
-0.944937
1.32998
-0.944468
1.32998
-0.943958
1.32998
-0.943296
1.32998
-0.942841
1.32998
-0.942418
1.32998
-0.941815
1.32998
-0.941349
1.33125
-0.940938
1.33125
-0.940376
1.33125
-0.93987
1.33125
-0.939422
1.33125
-0.938975
1.33125
-0.93844
1.33125
-0.93797
1.33125
-0.93746
1.33125
-0.936799
1.33125
-0.936344
1.33129
-0.935921
1.33129
-0.935318
1.33129
-0.934852
1.33129
-0.934441
1.33129
-0.933879
1.33129
-0.933373
1.33129
-0.932925
1.33129
-0.932478
1.33129
-0.931943
1.33129
-0.931472
1.33009
-0.930962
1.33009
-0.930302
1.33009
-0.929847
1.33009
-0.929424
1.33009
-0.928822
1.33009
-0.928355
1.33009
-0.927943
1.33009
-0.927381
1.33009
-0.926876
1.33009
-0.926427
1.33077
-0.925981
1.33077
-0.925446
1.33077
-0.924974
1.33077
-0.924464
1.33077
-0.923805
1.33077
-0.92335
1.33077
-0.922926
1.33077
-0.922325
1.33077
-0.921858
1.33227
-0.921445
1.33227
-0.920884
1.33227
-0.920379
1.33227
-0.91993
1.33227
-0.919484
1.33227
-0.918948
1.33227
-0.918476
1.33227
-0.917966
1.33227
-0.917308
1.33227
-0.916853
1.33227
-0.916429
1.33047
-0.915828
1.33047
-0.915361
1.33047
-0.914948
1.33047
-0.914387
1.33047
-0.913881
1.33047
-0.913432
1.33047
-0.912987
1.33047
-0.912451
1.33047
-0.911977
1.33047
-0.911468
1.33053
-0.910811
1.33053
-0.910355
1.33053
-0.909931
1.33053
-0.909331
1.33053
-0.908864
1.33053
-0.90845
1.33053
-0.90789
1.33053
-0.907384
1.33053
-0.906935
1.33053
-0.90649
1.33253
-0.905954
1.33253
-0.905479
1.33253
-0.90497
1.33253
-0.904314
1.33253
-0.903858
1.33253
-0.903434
1.33253
-0.902834
1.33253
-0.902367
1.33253
-0.901952
1.33253
-0.901392
1.33103
-0.900887
1.33103
-0.900437
1.33103
-0.899992
1.33103
-0.899456
1.33103
-0.898981
1.33103
-0.898472
1.33103
-0.897817
1.33103
-0.897361
1.33103
-0.896936
1.33103
-0.896337
1.33057
-0.89587
1.33057
-0.895454
1.33057
-0.894895
1.33057
-0.89439
1.33057
-0.893939
1.33057
-0.893495
1.33057
-0.892959
1.33057
-0.892483
1.33057
-0.891974
1.33057
-0.89132
1.33197
-0.890864
1.33197
-0.890439
1.33197
-0.88984
1.33197
-0.889373
1.33197
-0.888957
1.33197
-0.888398
1.33197
-0.887893
1.33197
-0.887442
1.33197
-0.886998
1.33197
-0.886462
1.33178
-0.885985
1.33178
-0.885476
1.33178
-0.884823
1.33178
-0.884367
1.33178
-0.883941
1.33178
-0.883343
1.33178
-0.882876
1.33178
-0.882459
1.33178
-0.8819
1.33178
-0.881396
1.33066
-0.880944
1.33066
-0.880501
1.33066
-0.879964
1.33066
-0.879487
1.33066
-0.878978
1.33066
-0.878326
1.33066
-0.87787
1.33066
-0.877443
1.33066
-0.876846
1.33066
-0.876379
1.33143
-0.875961
1.33143
-0.875394
1.33143
-0.874891
1.33143
-0.874419
1.33143
-0.873819
1.33143
-0.873372
1.33143
-0.87297
1.33143
-0.872412
1.33143
-0.871905
1.33143
-0.871429
1.33271
-0.870831
1.33271
-0.870386
1.33271
-0.869985
1.33271
-0.869428
1.33271
-0.868921
1.33271
-0.868418
1.33271
-0.867961
1.33271
-0.867462
1.33271
-0.866977
1.33271
-0.866625
1.33101
-0.866024
1.33101
-0.865431
1.33101
-0.864959
1.33101
-0.864629
1.33101
-0.864049
1.33101
-0.863447
1.33101
-0.862946
1.33101
-0.86252
1.33101
-0.862014
1.33101
-0.861474
1.33116
-0.860833
1.33116
-0.86039
1.33116
-0.859949
1.33116
-0.859447
1.33116
-0.85893
1.33116
-0.858319
1.33116
-0.857879
1.33116
-0.857481
1.33116
-0.856926
1.33116
-0.856414
1.33328
-0.855934
1.33328
-0.855334
1.33328
-0.854889
1.33328
-0.854485
1.33328
-0.853929
1.33328
-0.853421
1.33328
-0.852944
1.33328
-0.852346
1.33328
-0.8519
1.33328
-0.851496
1.33151
-0.850939
1.33151
-0.850432
1.33151
-0.849955
1.33151
-0.849357
1.33151
-0.848911
1.33151
-0.848434
1.33151
-0.847965
1.33151
-0.847466
1.33151
-0.847106
1.33151
-0.846549
1.33111
-0.846067
1.33111
-0.845491
1.33111
-0.844919
1.33111
-0.844461
1.33111
-0.844052
1.33111
-0.843525
1.33111
-0.843049
1.33111
-0.84253
1.33111
-0.841981
1.33111
-0.841337
1.33262
-0.840899
1.33262
-0.840461
1.33262
-0.839961
1.33262
-0.839446
1.33262
-0.83894
1.33262
-0.838407
1.33262
-0.837946
1.33262
-0.837548
1.33262
-0.837004
1.33262
-0.836424
1.33222
-0.835959
1.33222
-0.835474
1.33222
-0.83499
1.33222
-0.834497
1.33222
-0.833969
1.33222
-0.833471
1.33222
-0.832992
1.33222
-0.83249
1.33222
-0.83198
1.33222
-0.831474
1.33128
-0.83101
1.33128
-0.830506
1.33128
-0.829992
1.33128
-0.829379
1.33128
-0.828923
1.33128
-0.828446
1.33128
-0.82797
1.33128
-0.827404
1.33128
-0.826941
1.33128
-0.826494
1.33211
-0.8259
1.33211
-0.825436
1.33211
-0.824993
1.33211
-0.824401
1.33211
-0.82394
1.33211
-0.823505
1.33211
-0.822916
1.33211
-0.822449
1.33211
-0.822004
1.33211
-0.821412
1.33323
-0.820951
1.33323
-0.820516
1.33323
-0.819927
1.33323
-0.819461
1.33323
-0.819015
1.33323
-0.818423
1.33323
-0.817962
1.33323
-0.817527
1.33323
-0.816938
1.33323
-0.816471
1.33161
-0.816025
1.33161
-0.815433
1.33161
-0.814971
1.33161
-0.814536
1.33161
-0.813947
1.33161
-0.81348
1.33161
-0.813033
1.33161
-0.812441
1.33161
-0.81198
1.33161
-0.811544
1.33186
-0.810955
1.33186
-0.810487
1.33186
-0.810041
1.33186
-0.809449
1.33186
-0.808987
1.33186
-0.80855
1.33186
-0.807962
1.33186
-0.807494
1.33186
-0.807047
1.33186
-0.806455
1.33414
-0.805993
1.33414
-0.805556
1.33414
-0.804967
1.33414
-0.804499
1.33414
-0.804052
1.33414
-0.80346
1.33414
-0.802998
1.33414
-0.802561
1.33414
-0.801972
1.33414
-0.801504
1.33214
-0.801057
1.33214
-0.800465
1.33214
-0.800002
1.33214
-0.799565
1.33214
-0.798977
1.33214
-0.798509
1.33214
-0.798061
1.33214
-0.797469
1.33214
-0.797006
1.33214
-0.796569
1.33181
-0.795981
1.33181
-0.795512
1.33181
-0.795064
1.33181
-0.794473
1.33181
-0.79401
1.33181
-0.793586
1.33181
-0.793027
1.33181
-0.792524
1.33181
-0.792048
1.33181
-0.791455
1.33345
-0.791003
1.33345
-0.790588
1.33345
-0.790033
1.33345
-0.789527
1.33345
-0.789048
1.33345
-0.788456
1.33345
-0.788005
1.33345
-0.787591
1.33345
-0.787037
1.33345
-0.78653
1.33287
-0.786052
1.33287
-0.785459
1.33287
-0.785009
1.33287
-0.784523
1.33287
-0.784054
1.33287
-0.783567
1.33287
-0.782969
1.33287
-0.782514
1.33287
-0.78208
1.33287
-0.781589
1.33196
-0.781079
1.33196
-0.780472
1.33196
-0.780016
1.33196
-0.779578
1.33196
-0.778989
1.33196
-0.778521
1.33196
-0.778092
1.33196
-0.777532
1.33196
-0.77703
1.33196
-0.776555
1.33289
-0.775963
1.33289
-0.77551
1.33289
-0.775092
1.33289
-0.774538
1.33289
-0.774032
1.33289
-0.773554
1.33289
-0.772962
1.33289
-0.772511
1.33289
-0.772023
1.33289
-0.771555
1.33382
-0.771068
1.33382
-0.770471
1.33382
-0.770016
1.33382
-0.769581
1.33382
-0.76909
1.33382
-0.768581
1.33382
-0.767975
1.33382
-0.767518
1.33382
-0.767079
1.33382
-0.766492
1.33234
-0.766024
1.33234
-0.765593
1.33234
-0.765035
1.33234
-0.764533
1.33234
-0.764058
1.33234
-0.763467
1.33234
-0.763013
1.33234
-0.762594
1.33234
-0.762041
1.33234
-0.761535
1.33265
-0.761057
1.33265
-0.760467
1.33265
-0.760015
1.33265
-0.759597
1.33265
-0.759045
1.33265
-0.758539
1.33265
-0.758061
1.33265
-0.757471
1.33265
-0.757019
1.33265
-0.75653
1.33489
-0.756062
1.33489
-0.755575
1.33489
-0.754981
1.33489
-0.754525
1.33489
-0.754089
1.33489
-0.753598
1.33489
-0.753088
1.33489
-0.752485
1.33489
-0.752027
1.33489
-0.751587
1.33283
-0.751001
1.33283
-0.750532
1.33283
-0.7501
1.33283
-0.749551
1.33283
-0.749048
1.33283
-0.748532
1.33283
-0.748071
1.33283
-0.747576
1.33283
-0.747026
1.33283
-0.746567
1.33257
-0.746076
1.33257
-0.745582
1.33257
-0.745223
1.33257
-0.744616
1.33257
-0.743998
1.33257
-0.743524
1.33257
-0.743107
1.33257
-0.742595
1.33257
-0.741986
1.33257
-0.741518
1.33452
-0.741027
1.33452
-0.740546
1.33452
-0.740064
1.33452
-0.739601
1.33452
-0.739051
1.33452
-0.738572
1.33452
-0.738071
1.33452
-0.73754
1.33452
-0.736932
1.33452
-0.736473
1.33452
-0.735992
1.33338
-0.735511
1.33338
-0.735015
1.33338
-0.73452
1.33338
-0.734027
1.33338
-0.733431
1.33338
-0.732972
1.33338
-0.732474
1.33338
-0.732005
1.33338
-0.731519
1.33338
-0.730926
1.3328
-0.730468
1.3328
-0.730031
1.3328
-0.729539
1.3328
-0.729031
1.3328
-0.72843
1.3328
-0.727972
1.3328
-0.727531
1.3328
-0.726948
1.3328
-0.72648
1.3328
-0.726035
1.33395
-0.725453
1.33395
-0.724984
1.33395
-0.724533
1.33395
-0.723949
1.33395
-0.723484
1.33395
-0.723042
1.33395
-0.722461
1.33395
-0.721991
1.33395
-0.72154
1.33395
-0.720956
1.33427
-0.720491
1.33427
-0.720049
1.33427
-0.719468
1.33427
-0.718998
1.33427
-0.718546
1.33427
-0.717963
1.33427
-0.717498
1.33427
-0.717065
1.33427
-0.716511
1.33427
-0.71601
1.33299
-0.715534
1.33299
-0.714949
1.33299
-0.714494
1.33299
-0.714069
1.33299
-0.71352
1.33299
-0.713016
1.33299
-0.712537
1.33299
-0.711953
1.33299
-0.711499
1.33299
-0.711075
1.33358
-0.710526
1.33358
-0.710022
1.33358
-0.709543
1.33358
-0.708959
1.33358
-0.708505
1.33358
-0.708009
1.33358
-0.707542
1.33358
-0.707057
1.33358
-0.706469
1.33358
-0.706011
1.33534
-0.705571
1.33534
-0.70508
1.33534
-0.704571
1.33534
-0.703973
1.33534
-0.703513
1.33534
-0.70307
1.33534
-0.702489
1.33534
-0.702019
1.33534
-0.701581
1.33534
-0.701027
1.3335
-0.700526
1.3335
-0.70005
1.3335
-0.699466
1.3335
-0.69901
1.3335
-0.698582
1.3335
-0.698033
1.3335
-0.697529
1.3335
-0.69705
1.3335
-0.696467
1.3335
-0.696012
1.33352
-0.695585
1.33352
-0.695038
1.33352
-0.694533
1.33352
-0.694054
1.33352
-0.693471
1.33352
-0.693017
1.33352
-0.692519
1.33352
-0.692052
1.33352
-0.691567
1.33352
-0.69098
1.33553
-0.690522
1.33553
-0.690081
1.33553
-0.689589
1.33553
-0.68908
1.33553
-0.688484
1.33553
-0.688024
1.33553
-0.687579
1.33553
-0.686999
1.33553
-0.686529
1.33553
-0.686088
1.33412
-0.685545
1.33412
-0.685043
1.33412
-0.684519
1.33412
-0.68406
1.33412
-0.683568
1.33412
-0.683014
1.33412
-0.682557
1.33412
-0.68207
1.33412
-0.681575
1.33412
-0.681211
1.33354
-0.680606
1.33354
-0.679992
1.33354
-0.679516
1.33354
-0.679096
1.33354
-0.678586
1.33354
-0.677974
1.33354
-0.677509
1.33354
-0.677021
1.33354
-0.676539
1.33354
-0.676054
1.33486
-0.675598
1.33486
-0.675047
1.33486
-0.67456
1.33486
-0.674059
1.33486
-0.673532
1.33486
-0.672932
1.33486
-0.67247
1.33486
-0.671988
1.33486
-0.671506
1.33486
-0.67101
1.33499
-0.670515
1.33499
-0.670021
1.33499
-0.669432
1.33499
-0.668971
1.33499
-0.668465
1.33499
-0.667997
1.33499
-0.667512
1.33499
-0.666927
1.33499
-0.666467
1.33499
-0.666024
1.33385
-0.665533
1.33385
-0.665024
1.33385
-0.664431
1.33385
-0.663971
1.33385
-0.663525
1.33385
-0.662949
1.33385
-0.662478
1.33385
-0.662029
1.33385
-0.661453
1.33385
-0.660982
1.33456
-0.660527
1.33456
-0.659949
1.33456
-0.659482
1.33456
-0.659035
1.33456
-0.65846
1.33456
-0.657988
1.33456
-0.657533
1.33456
-0.656956
1.33456
-0.656489
1.33456
-0.656042
1.33611
-0.655467
1.33611
-0.654995
1.33611
-0.654539
1.33611
-0.653962
1.33611
-0.653495
1.33611
-0.653047
1.33611
-0.652473
1.33611
-0.652001
1.33611
-0.651545
1.33611
-0.650968
1.33436
-0.6505
1.33436
-0.650058
1.33436
-0.64951
1.33436
-0.649009
1.33436
-0.648532
1.33436
-0.647954
1.33436
-0.647496
1.33436
-0.647061
1.33436
-0.646517
1.33436
-0.646014
1.33443
-0.645535
1.33443
-0.644957
1.33443
-0.6445
1.33443
-0.644066
1.33443
-0.643522
1.33443
-0.64302
1.33443
-0.64254
1.33443
-0.641962
1.33443
-0.641505
1.33443
-0.641001
1.3364
-0.640535
1.3364
-0.640051
1.3364
-0.639471
1.3364
-0.639011
1.3364
-0.638566
1.3364
-0.638073
1.3364
-0.637565
1.3364
-0.636975
1.3364
-0.636512
1.3364
-0.636064
1.33498
-0.63549
1.33498
-0.635018
1.33498
-0.634571
1.33498
-0.634022
1.33498
-0.633523
1.33498
-0.633045
1.33498
-0.632468
1.33498
-0.632009
1.33498
-0.631571
1.33498
-0.631028
1.33451
-0.630525
1.33451
-0.630045
1.33451
-0.629469
1.33451
-0.629011
1.33451
-0.628574
1.33451
-0.628032
1.33451
-0.627529
1.33451
-0.627049
1.33451
-0.626473
1.33451
-0.626015
1.33587
-0.625509
1.33587
-0.625042
1.33587
-0.624559
1.33587
-0.623981
1.33587
-0.62352
1.33587
-0.623074
1.33587
-0.622581
1.33587
-0.622073
1.33587
-0.621485
1.33587
-0.621021
1.33585
-0.620572
1.33585
-0.619999
1.33585
-0.619526
1.33585
-0.619077
1.33585
-0.618539
1.33585
-0.618039
1.33585
-0.617506
1.33585
-0.617049
1.33585
-0.616561
1.33585
-0.616003
1.33471
-0.615547
1.33471
-0.615063
1.33471
-0.614567
1.33471
-0.614198
1.33471
-0.613596
1.33471
-0.612986
1.33471
-0.612508
1.33471
-0.612085
1.33471
-0.611576
1.33471
-0.611044
1.33551
-0.61041
1.33551
-0.60997
1.33551
-0.609533
1.33551
-0.609039
1.33551
-0.608453
1.33551
-0.607989
1.33551
-0.607546
1.33551
-0.607001
1.33551
-0.606498
1.33551
-0.606017
1.33693
-0.605442
1.33693
-0.604981
1.33693
-0.60454
1.33693
-0.603998
1.33693
-0.603495
1.33693
-0.603014
1.33693
-0.602441
1.33693
-0.601982
1.33693
-0.601542
1.33693
-0.601002
1.33524
-0.6005
1.33524
-0.60002
1.33524
-0.599448
1.33524
-0.598988
1.33524
-0.598547
1.33524
-0.598007
1.33524
-0.597506
1.33524
-0.597025
1.33524
-0.596453
1.33524
-0.595993
1.3354
-0.595483
1.3354
-0.595017
1.3354
-0.594535
1.3354
-0.593961
1.3354
-0.593498
1.3354
-0.59305
1.3354
-0.592557
1.3354
-0.592049
1.3354
-0.591465
1.3354
-0.591
1.33748
-0.590549
1.33748
-0.589979
1.33748
-0.589505
1.33748
-0.589052
1.33748
-0.588507
1.33748
-0.588009
1.33748
-0.58753
1.33748
-0.586959
1.33748
-0.586497
1.33748
-0.586053
1.33586
-0.585513
1.33586
-0.585011
1.33586
-0.584531
1.33586
-0.58396
1.33586
-0.583499
1.33586
-0.583056
1.33586
-0.582517
1.33586
-0.582043
1.33586
-0.581579
1.33586
-0.581164
1.33549
-0.580621
1.33549
-0.580106
1.33549
-0.579598
1.33549
-0.57907
1.33549
-0.578438
1.33549
-0.577992
1.33549
-0.577547
1.33549
-0.577054
1.33549
-0.576544
1.33549
-0.576039
1.33689
-0.575537
1.33689
-0.575035
1.33689
-0.574457
1.33689
-0.573996
1.33689
-0.57352
1.33689
-0.573037
1.33689
-0.572549
1.33689
-0.572054
1.33689
-0.571552
1.33689
-0.57105
1.33676
-0.570471
1.33676
-0.570007
1.33676
-0.569559
1.33676
-0.568993
1.33676
-0.568515
1.33676
-0.568052
1.33676
-0.567483
1.33676
-0.567012
1.33676
-0.566558
1.33676
-0.565991
1.33578
-0.565516
1.33578
-0.565054
1.33578
-0.564487
1.33578
-0.564015
1.33578
-0.563561
1.33578
-0.562995
1.33578
-0.562519
1.33578
-0.562058
1.33578
-0.56149
1.33578
-0.561019
1.33656
-0.560564
1.33656
-0.559999
1.33656
-0.559523
1.33656
-0.559061
1.33656
-0.558494
1.33656
-0.558022
1.33656
-0.557567
1.33656
-0.557002
1.33656
-0.556526
1.33656
-0.556064
1.33788
-0.555497
1.33788
-0.555025
1.33788
-0.55457
1.33788
-0.554005
1.33788
-0.553529
1.33788
-0.553067
1.33788
-0.5525
1.33788
-0.552028
1.33788
-0.551573
1.33788
-0.551008
1.33624
-0.550532
1.33624
-0.550069
1.33624
-0.549503
1.33624
-0.54903
1.33624
-0.548575
1.33624
-0.54801
1.33624
-0.547534
1.33624
-0.547071
1.33624
-0.546505
1.33624
-0.546033
1.33643
-0.545577
1.33643
-0.545013
1.33643
-0.544536
1.33643
-0.544073
1.33643
-0.543507
1.33643
-0.543035
1.33643
-0.542579
1.33643
-0.542015
1.33643
-0.541538
1.33643
-0.541075
1.33853
-0.540509
1.33853
-0.540036
1.33853
-0.539579
1.33853
-0.539039
1.33853
-0.53854
1.33853
-0.538061
1.33853
-0.537495
1.33853
-0.537031
1.33853
-0.536579
1.33853
-0.536043
1.33689
-0.535543
1.33689
-0.535062
1.33689
-0.534497
1.33689
-0.534033
1.33689
-0.533582
1.33689
-0.533047
1.33689
-0.532547
1.33689
-0.532065
1.33689
-0.5315
1.33689
-0.531037
1.3365
-0.530585
1.3365
-0.53005
1.3365
-0.52955
1.3365
-0.529007
1.3365
-0.528556
1.3365
-0.528077
1.3365
-0.527584
1.3365
-0.52721
1.3365
-0.526616
1.3365
-0.526038
1.33797
-0.525556
1.33797
-0.525168
1.33797
-0.524619
1.33797
-0.524084
1.33797
-0.523567
1.33797
-0.523087
1.33797
-0.522585
1.33797
-0.522062
1.33797
-0.521431
1.33797
-0.520984
1.33771
-0.520535
1.33771
-0.520041
1.33771
-0.519534
1.33771
-0.518961
1.33771
-0.518499
1.33771
-0.51805
1.33771
-0.517516
1.33771
-0.517014
1.33771
-0.51653
1.33771
-0.515966
1.33682
-0.515502
1.33682
-0.515048
1.33682
-0.514514
1.33682
-0.514014
1.33682
-0.513532
1.33682
-0.512969
1.33682
-0.512505
1.33682
-0.512051
1.33682
-0.511517
1.33682
-0.511018
1.33765
-0.510536
1.33765
-0.509974
1.33765
-0.509509
1.33765
-0.509055
1.33765
-0.508522
1.33765
-0.508049
1.33765
-0.507582
1.33765
-0.507171
1.33765
-0.506626
1.33765
-0.506102
1.33884
-0.505594
1.33884
-0.50507
1.33884
-0.504442
1.33884
-0.503996
1.33884
-0.503549
1.33884
-0.503058
1.33884
-0.502551
1.33884
-0.502046
1.33884
-0.501544
1.33884
-0.501043
1.33724
-0.500474
1.33724
-0.500008
1.33724
-0.499528
1.33724
-0.499043
1.33724
-0.498554
1.33724
-0.498057
1.33724
-0.497556
1.33724
-0.497053
1.33724
-0.496484
1.33724
-0.496016
1.33752
-0.495562
1.33752
-0.495003
1.33752
-0.494523
1.33752
-0.494055
1.33752
-0.493495
1.33752
-0.49302
1.33752
-0.49256
1.33752
-0.492002
1.33752
-0.491523
1.33752
-0.491057
1.33968
-0.490497
1.33968
-0.490022
1.33968
-0.489563
1.33968
-0.489004
1.33968
-0.488526
1.33968
-0.48806
1.33968
-0.487501
1.33968
-0.487025
1.33968
-0.486565
1.33968
-0.486008
1.34456
-0.485529
1.34456
-0.485063
1.34456
-0.484504
1.34456
-0.484028
1.34456
-0.483568
1.34456
-0.48301
1.34456
-0.482531
1.34456
-0.482065
1.34456
-0.481506
1.34456
-0.481031
1.35565
-0.48057
1.35565
-0.480013
1.35565
-0.479534
1.35565
-0.479067
1.35565
-0.478509
1.35565
-0.478033
1.35565
-0.477572
1.35565
-0.477015
1.35565
-0.476536
1.35565
-0.476069
2.14584
-0.475511
2.14584
-0.475035
2.14584
-0.474574
2.14584
-0.474017
2.14584
-0.473538
2.14584
-0.473071
2.14584
-0.472513
2.14584
-0.472037
2.14584
-0.471575
2.14584
-0.471019
2.14874
-0.470539
2.14874
-0.470072
2.14874
-0.469515
2.14874
-0.469038
2.14874
-0.468577
2.14874
-0.468021
2.14874
-0.467541
2.14874
-0.467074
2.14874
-0.466516
2.14874
-0.46604
2.15015
-0.465573
2.15015
-0.465039
2.15015
-0.464541
2.15015
-0.46406
2.15015
-0.463504
2.15015
-0.463035
2.15015
-0.462573
2.15015
-0.462043
2.15015
-0.461544
2.15015
-0.461062
2.14625
-0.460506
2.14625
-0.460038
2.14625
-0.459576
2.14625
-0.459046
2.14625
-0.458548
2.14625
-0.458065
2.14625
-0.457509
2.14625
-0.457041
2.14625
-0.456579
2.14625
-0.45605
2.14737
-0.455578
2.14737
-0.455108
2.14737
-0.4547
2.14737
-0.454153
2.14737
-0.453622
2.14737
-0.453116
2.14737
-0.452594
2.14737
-0.451968
2.14737
-0.451522
2.14737
-0.451074
2.1533
-0.450584
2.1533
-0.450078
2.1533
-0.449574
2.1533
-0.449073
2.1533
-0.448571
2.1533
-0.448009
2.1533
-0.447539
2.1533
-0.447057
2.1533
-0.44657
2.1533
-0.44608
2.1472
-0.445583
2.1472
-0.445081
2.1472
-0.444579
2.1472
-0.444016
2.1472
-0.443546
2.1472
-0.443087
2.1472
-0.442534
2.1472
-0.442051
2.1472
-0.44158
2.1472
-0.441025
2.14677
-0.440548
2.14677
-0.440084
2.14677
-0.439531
2.14677
-0.43905
2.14677
-0.438581
2.14677
-0.438027
2.14677
-0.43755
2.14677
-0.437086
2.14677
-0.436533
2.14677
-0.436052
2.15118
-0.435583
2.15118
-0.43503
2.15118
-0.434552
2.15118
-0.434088
2.15118
-0.433536
2.15118
-0.433055
2.15118
-0.432585
2.15118
-0.432032
2.15118
-0.431554
2.15118
-0.43109
2.14877
-0.430538
2.14877
-0.430057
2.14877
-0.429587
2.14877
-0.429034
2.14877
-0.428556
2.14877
-0.428091
2.14877
-0.42754
2.14877
-0.427059
2.14877
-0.426589
2.14877
-0.426036
2.14666
-0.425558
2.14666
-0.425093
2.14666
-0.424542
2.14666
-0.42406
2.14666
-0.42359
2.14666
-0.423038
2.14666
-0.42256
2.14666
-0.422094
2.14666
-0.421544
2.14666
-0.421062
2.14919
-0.420592
2.14919
-0.42004
2.14919
-0.419561
2.14919
-0.419096
2.14919
-0.418545
2.14919
-0.418063
2.14919
-0.417593
2.14919
-0.417041
2.14919
-0.416563
2.14919
-0.416097
2.15109
-0.415547
2.15109
-0.415065
2.15109
-0.414594
2.15109
-0.414043
2.15109
-0.413564
2.15109
-0.413089
2.15109
-0.41256
2.15109
-0.412064
2.15109
-0.411582
2.15109
-0.411031
2.14711
-0.410559
2.14711
-0.410089
2.14711
-0.409564
2.14711
-0.409066
2.14711
-0.408583
2.14711
-0.408033
2.14711
-0.407562
2.14711
-0.407092
2.14711
-0.406567
2.14711
-0.40607
2.14797
-0.405586
2.14797
-0.405037
2.14797
-0.404565
2.14797
-0.404095
2.14797
-0.403571
2.14797
-0.4031
2.14797
-0.402627
2.14797
-0.402222
2.14797
-0.401673
2.14797
-0.401136
2.15433
-0.40063
2.15433
-0.400111
2.15433
-0.399488
2.15433
-0.399042
2.15433
-0.398593
2.15433
-0.398104
2.15433
-0.3976
2.15433
-0.397096
2.15433
-0.396595
2.15433
-0.396094
2.14803
-0.395538
2.14803
-0.395065
2.14803
-0.39458
2.14803
-0.394091
2.14803
-0.3936
2.14803
-0.3931
2.14803
-0.392597
2.14803
-0.392041
2.14803
-0.391566
2.14803
-0.39108
2.1474
-0.390592
2.1474
-0.390097
2.1474
-0.389543
2.1474
-0.389068
2.1474
-0.388604
2.1474
-0.388058
2.1474
-0.387574
2.1474
-0.387101
2.1474
-0.386553
2.1474
-0.386073
2.15174
-0.385604
2.15174
-0.385058
2.15174
-0.384575
2.15174
-0.384102
2.15174
-0.383555
2.15174
-0.383074
2.15174
-0.382606
2.15174
-0.38206
2.15174
-0.381576
2.15174
-0.381103
2.14968
-0.380556
2.14968
-0.380076
2.14968
-0.379607
2.14968
-0.379061
2.14968
-0.378578
2.14968
-0.378105
2.14968
-0.377558
2.14968
-0.377078
2.14968
-0.376609
2.14968
-0.376063
2.14743
-0.37558
2.14743
-0.375106
2.14743
-0.37456
2.14743
-0.374079
2.14743
-0.37361
2.14743
-0.373065
2.14743
-0.372581
2.14743
-0.372108
2.14743
-0.371562
2.14743
-0.371081
2.14983
-0.370611
2.14983
-0.370066
2.14983
-0.369582
2.14983
-0.369109
2.14983
-0.368563
2.14983
-0.368082
2.14983
-0.367612
2.14983
-0.367068
2.14983
-0.366584
2.14983
-0.36611
2.15209
-0.365565
2.15209
-0.365083
2.15209
-0.364613
2.15209
-0.364069
2.15209
-0.363585
2.15209
-0.363111
2.15209
-0.362566
2.15209
-0.362084
2.15209
-0.361602
2.15209
-0.361078
2.1479
-0.360582
2.1479
-0.360099
2.1479
-0.359555
2.1479
-0.35908
2.1479
-0.358602
2.1479
-0.358082
2.1479
-0.357585
2.1479
-0.357101
2.1479
-0.356558
2.1479
-0.356083
2.14868
-0.355605
2.14868
-0.355085
2.14868
-0.354589
2.14868
-0.354104
2.14868
-0.353561
2.14868
-0.353086
2.14868
-0.352608
2.14868
-0.352088
2.14868
-0.351619
2.14868
-0.351143
2.15502
-0.350739
2.15502
-0.350187
2.15502
-0.349559
2.15502
-0.349086
2.15502
-0.348621
2.15502
-0.348143
2.15502
-0.34765
2.15502
-0.347151
2.15502
-0.346649
2.15502
-0.346148
2.14895
-0.345647
2.14895
-0.345146
2.14895
-0.344645
2.14895
-0.344144
2.14895
-0.343643
2.14895
-0.343142
2.14895
-0.342641
2.14895
-0.34214
2.14895
-0.341639
2.14895
-0.341138
2.14813
-0.340637
2.14813
-0.340137
2.14813
-0.339636
2.14813
-0.339135
2.14813
-0.338635
2.14813
-0.338134
2.14813
-0.337633
2.14813
-0.337133
2.14813
-0.336632
2.14813
-0.336132
2.15233
-0.335631
2.15233
-0.335131
2.15233
-0.33463
2.15233
-0.33413
2.15233
-0.333629
2.15233
-0.333129
2.15233
-0.332629
2.15233
-0.332128
2.15233
-0.331628
2.15233
-0.331127
2.15063
-0.330627
2.15063
-0.330127
2.15063
-0.329626
2.15063
-0.329126
2.15063
-0.328626
2.15063
-0.328126
2.15063
-0.327625
2.15063
-0.327125
2.15063
-0.326625
2.15063
-0.326125
2.14817
-0.325624
2.14817
-0.325124
2.14817
-0.324624
2.14817
-0.324124
2.14817
-0.323623
2.14817
-0.323123
2.14817
-0.322623
2.14817
-0.322123
2.14817
-0.321623
2.14817
-0.321123
2.15055
-0.320623
2.15055
-0.320122
2.15055
-0.319622
2.15055
-0.319122
2.15055
-0.318622
2.15055
-0.318122
2.15055
-0.317622
2.15055
-0.317122
2.15055
-0.316622
2.15055
-0.316122
2.15306
-0.315621
2.15306
-0.315121
2.15306
-0.314621
2.15306
-0.314121
2.15306
-0.313621
2.15306
-0.313121
2.15306
-0.312621
2.15306
-0.312121
2.15306
-0.311621
2.15306
-0.311121
2.14874
-0.310621
2.14874
-0.310121
2.14874
-0.309621
2.14874
-0.309121
2.14874
-0.308621
2.14874
-0.308121
2.14874
-0.307621
2.14874
-0.307121
2.14874
-0.306621
2.14874
-0.306121
2.14948
-0.305621
2.14948
-0.305121
2.14948
-0.304621
2.14948
-0.304121
2.14948
-0.303621
2.14948
-0.303121
2.14948
-0.302621
2.14948
-0.302121
2.14948
-0.301621
2.14948
-0.301121
2.15581
-0.300621
2.15581
-0.300121
2.15581
-0.299621
2.15581
-0.299121
2.15581
-0.298621
2.15581
-0.298121
2.15581
-0.297621
2.15581
-0.297121
2.15581
-0.296621
2.15581
-0.296121
2.14987
-0.295621
2.14987
-0.295121
2.14987
-0.294621
2.14987
-0.294121
2.14987
-0.293621
2.14987
-0.293121
2.14987
-0.292621
2.14987
-0.292121
2.14987
-0.291621
2.14987
-0.291121
2.14901
-0.290621
2.14901
-0.290121
2.14901
-0.289621
2.14901
-0.289121
2.14901
-0.288621
2.14901
-0.288121
2.14901
-0.287621
2.14901
-0.287121
2.14901
-0.286621
2.14901
-0.286122
2.15313
-0.285622
2.15313
-0.285122
2.15313
-0.284622
2.15313
-0.284122
2.15313
-0.283622
2.15313
-0.283122
2.15313
-0.282622
2.15313
-0.282122
2.15313
-0.281622
2.15313
-0.281122
2.15163
-0.280622
2.15163
-0.280122
2.15163
-0.279622
2.15163
-0.279122
2.15163
-0.278622
2.15163
-0.278122
2.15163
-0.277622
2.15163
-0.277122
2.15163
-0.276622
2.15163
-0.276122
2.14909
-0.275622
2.14909
-0.275123
2.14909
-0.274623
2.14909
-0.274123
2.14909
-0.273623
2.14909
-0.273123
2.14909
-0.272623
2.14909
-0.272123
2.14909
-0.271623
2.14909
-0.271123
2.15139
-0.270623
2.15139
-0.270123
2.15139
-0.269623
2.15139
-0.269123
2.15139
-0.268623
2.15139
-0.268123
2.15139
-0.267623
2.15139
-0.267123
2.15139
-0.266623
2.15139
-0.266123
2.15414
-0.265623
2.15414
-0.265124
2.15414
-0.264624
2.15414
-0.264124
2.15414
-0.263624
2.15414
-0.263124
2.15414
-0.262624
2.15414
-0.262124
2.15414
-0.261624
2.15414
-0.261124
2.14971
-0.260624
2.14971
-0.260124
2.14971
-0.259624
2.14971
-0.259124
2.14971
-0.258624
2.14971
-0.258124
2.14971
-0.257624
2.14971
-0.257124
2.14971
-0.256624
2.14971
-0.256124
2.15036
-0.255624
2.15036
-0.255125
2.15036
-0.254625
2.15036
-0.254125
2.15036
-0.253625
2.15036
-0.253125
2.15036
-0.252625
2.15036
-0.252125
2.15036
-0.251625
2.15036
-0.251125
2.15656
-0.250625
2.15656
-0.250125
2.15656
-0.249625
2.15656
-0.249125
2.15656
-0.248625
2.15656
-0.248125
2.15656
-0.247625
2.15656
-0.247125
2.15656
-0.246625
2.15656
-0.246125
2.1509
-0.245625
2.1509
-0.245126
2.1509
-0.244626
2.1509
-0.244126
2.1509
-0.243626
2.1509
-0.243126
2.1509
-0.242626
2.1509
-0.242126
2.1509
-0.241626
2.1509
-0.241126
2.14994
-0.240626
2.14994
-0.240126
2.14994
-0.239626
2.14994
-0.239126
2.14994
-0.238626
2.14994
-0.238126
2.14994
-0.237626
2.14994
-0.237126
2.14994
-0.236626
2.14994
-0.236126
2.15395
-0.235626
2.15395
-0.235127
2.15395
-0.234627
2.15395
-0.234127
2.15395
-0.233627
2.15395
-0.233127
2.15395
-0.232627
2.15395
-0.232127
2.15395
-0.231627
2.15395
-0.231127
2.15272
-0.230627
2.15272
-0.230127
2.15272
-0.229627
2.15272
-0.229127
2.15272
-0.228627
2.15272
-0.228127
2.15272
-0.227627
2.15272
-0.227127
2.15272
-0.226627
2.15272
-0.226127
2.15007
-0.225627
2.15007
-0.225128
2.15007
-0.224628
2.15007
-0.224128
2.15007
-0.223628
2.15007
-0.223128
2.15007
-0.222628
2.15007
-0.222128
2.15007
-0.221628
2.15007
-0.221128
2.15227
-0.220628
2.15227
-0.220128
2.15227
-0.219628
2.15227
-0.219128
2.15227
-0.218628
2.15227
-0.218128
2.15227
-0.217628
2.15227
-0.217128
2.15227
-0.216628
2.15227
-0.216128
1.91623
-0.215628
1.91623
-0.215128
1.91623
-0.214628
1.91623
-0.214129
1.91623
-0.213629
1.91623
-0.213129
1.91623
-0.212629
1.91623
-0.212129
1.91623
-0.211629
1.91623
-0.211129
1.90676
-0.210629
1.90676
-0.210129
1.90676
-0.209629
1.90676
-0.209129
1.90676
-0.208629
1.90676
-0.208129
1.90676
-0.207629
1.90676
-0.207129
1.90676
-0.206629
1.90676
-0.206129
1.90371
-0.205629
1.90371
-0.205129
1.90371
-0.204629
1.90371
-0.204129
1.90371
-0.203629
1.90371
-0.20313
1.90371
-0.20263
1.90371
-0.20213
1.90371
-0.20163
1.90371
-0.20113
1.90454
-0.20063
1.90454
-0.20013
1.90454
-0.19963
1.90454
-0.19913
1.90454
-0.19863
1.90454
-0.19813
1.90454
-0.19763
1.90454
-0.19713
1.90454
-0.19663
1.90454
-0.19613
1.90895
-0.19563
1.90895
-0.19513
1.90895
-0.19463
1.90895
-0.19413
1.90895
-0.19363
1.90895
-0.19313
1.90895
-0.19263
1.90895
-0.19213
1.90895
-0.19163
1.90895
-0.191131
1.90437
-0.190631
1.90437
-0.190131
1.90437
-0.189631
1.90437
-0.189131
1.90437
-0.188631
1.90437
-0.188131
1.90437
-0.187631
1.90437
-0.187131
1.90437
-0.186631
1.90437
-0.186131
1.90399
-0.185631
1.90399
-0.185131
1.90399
-0.184631
1.90399
-0.184131
1.90399
-0.183631
1.90399
-0.183131
1.90399
-0.182631
1.90399
-0.182131
1.90399
-0.181631
1.90399
-0.181131
1.90754
-0.180631
1.90754
-0.180131
1.90754
-0.179631
1.90754
-0.179132
1.90754
-0.178632
1.90754
-0.178132
1.90754
-0.177632
1.90754
-0.177132
1.90754
-0.176632
1.90754
-0.176132
1.90546
-0.175632
1.90546
-0.175132
1.90546
-0.174632
1.90546
-0.174132
1.90546
-0.173632
1.90546
-0.173132
1.90546
-0.172632
1.90546
-0.172132
1.90546
-0.171632
1.90546
-0.171132
1.90385
-0.170632
1.90385
-0.170132
1.90385
-0.169632
1.90385
-0.169132
1.90385
-0.168632
1.90385
-0.168132
1.90385
-0.167632
1.90385
-0.167132
1.90385
-0.166632
1.90385
-0.166132
1.90602
-0.165633
1.90602
-0.165133
1.90602
-0.164633
1.90602
-0.164133
1.90602
-0.163633
1.90602
-0.163133
1.90602
-0.162633
1.90602
-0.162133
1.90602
-0.161633
1.90602
-0.161133
1.90705
-0.160633
1.90705
-0.160133
1.90705
-0.159633
1.90705
-0.159133
1.90705
-0.158633
1.90705
-0.158133
1.90705
-0.157633
1.90705
-0.157133
1.90705
-0.156633
1.90705
-0.156133
1.9041
-0.155633
1.9041
-0.155133
1.9041
-0.154633
1.9041
-0.154133
1.9041
-0.153633
1.9041
-0.153133
1.9041
-0.152633
1.9041
-0.152133
1.9041
-0.151634
1.9041
-0.151134
1.90502
-0.150634
1.90502
-0.150134
1.90502
-0.149634
1.90502
-0.149134
1.90502
-0.148634
1.90502
-0.148134
1.90502
-0.147634
1.90502
-0.147134
1.90502
-0.146634
1.90502
-0.146134
1.90922
-0.145634
1.90922
-0.145134
1.90922
-0.144634
1.90922
-0.144134
1.90922
-0.143634
1.90922
-0.143134
1.90922
-0.142634
1.90922
-0.142134
1.90922
-0.141634
1.90922
-0.141134
1.90476
-0.140634
1.90476
-0.140134
1.90476
-0.139634
1.90476
-0.139134
1.90476
-0.138634
1.90476
-0.138134
1.90476
-0.137634
1.90476
-0.137134
1.90476
-0.136635
1.90476
-0.136135
1.90446
-0.135635
1.90446
-0.135135
1.90446
-0.134635
1.90446
-0.134135
1.90446
-0.133635
1.90446
-0.133135
1.90446
-0.132635
1.90446
-0.132135
1.90446
-0.131635
1.90446
-0.131135
1.90812
-0.130635
1.90812
-0.130135
1.90812
-0.129635
1.90812
-0.129135
1.90812
-0.128635
1.90812
-0.128135
1.90812
-0.127635
1.90812
-0.127135
1.90812
-0.126635
1.90812
-0.126135
1.90585
-0.125635
1.90585
-0.125135
1.90585
-0.124635
1.90585
-0.124137
1.90585
-0.123638
1.90585
-0.123137
1.90585
-0.122637
1.90585
-0.122137
1.90585
-0.121636
1.90585
-0.121136
1.90432
-0.120636
1.90432
-0.120136
1.90432
-0.119636
1.90432
-0.119135
1.90432
-0.118637
1.90432
-0.118138
1.90432
-0.117637
1.90432
-0.117137
1.90432
-0.116637
1.90432
-0.116136
1.90658
-0.115636
1.90658
-0.115136
1.90658
-0.114636
1.90658
-0.114137
1.90658
-0.113638
1.90658
-0.113138
1.90658
-0.112637
1.90658
-0.112137
1.90658
-0.111636
1.90658
-0.111136
1.90742
-0.110636
1.90742
-0.110138
1.90742
-0.109638
1.90742
-0.109138
1.90742
-0.108637
1.90742
-0.108137
1.90742
-0.107636
1.90742
-0.107136
1.90742
-0.106636
1.90742
-0.106138
1.90457
-0.105638
1.90457
-0.105138
1.90457
-0.104637
1.90457
-0.104137
1.90457
-0.103637
1.90457
-0.103136
1.90457
-0.102638
1.90457
-0.102138
1.90457
-0.101638
1.90457
-0.101137
1.90557
-0.100637
1.90557
-0.100137
1.90557
-0.0996362
1.90557
-0.099138
1.90557
-0.0986382
1.90557
-0.0981379
1.90557
-0.0976374
1.90557
-0.097137
1.90557
-0.0966366
1.90557
-0.0961383
1.90959
-0.0956384
1.90959
-0.095138
1.90959
-0.0946375
1.90959
-0.094137
1.90959
-0.0936366
1.90959
-0.0931383
1.90959
-0.0926385
1.90959
-0.0921381
1.90959
-0.0916375
1.90959
-0.0911371
1.90523
-0.0906366
1.90523
-0.0901384
1.90523
-0.0896385
1.90523
-0.0891381
1.90523
-0.0886376
1.90523
-0.0881371
1.90523
-0.0876387
1.90523
-0.0871388
1.90523
-0.0866383
1.90523
-0.0861377
1.90501
-0.0856372
1.90501
-0.0851388
1.90501
-0.0846388
1.90501
-0.0841383
1.90501
-0.0836377
1.90501
-0.0831372
1.90501
-0.0826388
1.90501
-0.0821388
1.90501
-0.0816383
1.90501
-0.0811377
1.90876
-0.0806372
1.90876
-0.0801388
1.90876
-0.0796173
1.90876
-0.0791171
1.90876
-0.0786259
1.90876
-0.0781244
1.90876
-0.0776299
1.90876
-0.0770265
1.90876
-0.0765849
1.90876
-0.076175
1.90628
-0.0756756
1.90628
-0.0751626
1.90628
-0.0746424
1.90628
-0.0741432
1.90628
-0.0736228
1.90628
-0.0731251
1.90628
-0.0726543
1.90628
-0.0720795
1.90628
-0.0716333
1.90628
-0.0711651
1.90486
-0.0706766
1.90486
-0.0701659
1.90486
-0.0696643
1.90486
-0.0691386
1.90486
-0.0686401
1.90486
-0.0681456
1.90486
-0.0676495
1.90486
-0.0671411
1.90486
-0.0666427
1.90486
-0.066118
1.90718
-0.065622
1.90718
-0.0651289
1.90718
-0.064638
1.90718
-0.0641326
1.90718
-0.0636355
1.90718
-0.0631116
1.90718
-0.0626186
1.90718
-0.0621271
1.90718
-0.0615377
1.90718
-0.0610903
1.90784
-0.0606336
1.90784
-0.0601303
1.90784
-0.0597029
1.90784
-0.0591328
1.90784
-0.058589
1.90784
-0.0580977
1.90784
-0.057614
1.90784
-0.0571163
1.90784
-0.0566744
1.90784
-0.0561446
1.90512
-0.0555947
1.90512
-0.0550969
1.90512
-0.0545985
1.90512
-0.0539993
1.90512
-0.0535441
1.90512
-0.0530799
1.90512
-0.0525978
1.90512
-0.0521047
1.90512
-0.0515995
1.90512
-0.0511024
1.9062
-0.0505783
1.9062
-0.0500858
1.9062
-0.0495938
1.9062
-0.0491025
1.9062
-0.0485989
1.9062
-0.0481003
1.9062
-0.0475735
1.9062
-0.0470812
1.9062
-0.0465894
1.9062
-0.0460985
1.91005
-0.0455957
1.91005
-0.0450973
1.91005
-0.0445703
1.91005
-0.0440791
1.91005
-0.0435878
1.91005
-0.0429967
1.91005
-0.0425494
1.91005
-0.0420936
1.91005
-0.04159
1.91005
-0.0411603
1.90571
-0.040591
1.90571
-0.0400486
1.90571
-0.039557
1.90571
-0.0390702
1.90571
-0.0385714
1.90571
-0.038065
1.90571
-0.0375648
1.90571
-0.0370675
1.90571
-0.0365626
1.90571
-0.0360577
1.90564
-0.035558
1.90564
-0.0349662
1.90564
-0.0345274
1.90564
-0.0341266
1.90564
-0.0336084
1.90564
-0.0330829
1.90564
-0.0325593
1.90564
-0.0320527
1.90564
-0.0315236
1.90564
-0.0310324
1.90952
-0.0305361
1.90952
-0.0300401
1.90952
-0.029542
1.90952
-0.0290402
1.90952
-0.0285423
1.90952
-0.0280423
1.90952
-0.0275396
1.90952
-0.0270404
1.90952
-0.0265116
1.90952
-0.0260216
1.90689
-0.0255308
1.90689
-0.0250398
1.90689
-0.0245402
1.90689
-0.0240404
1.90689
-0.0235103
1.90689
-0.0230199
1.90689
-0.0225289
1.90689
-0.0220382
1.90689
-0.0215395
1.90689
-0.0210401
1.9055
-0.0205101
1.9055
-0.020022
1.9055
-0.0195319
1.9055
-0.0190414
1.9055
-0.018543
1.9055
-0.0180433
1.9055
-0.0175128
1.9055
-0.0170249
1.9055
-0.0165347
1.9055
-0.0159419
1.90795
-0.0154953
1.90795
-0.0150412
1.90795
-0.0145378
1.90795
-0.0140309
1.90795
-0.0135259
1.90795
-0.0129665
1.90795
-0.0125112
1.90795
-0.0120371
1.90795
-0.0115482
1.90795
-0.0110516
1.90847
-0.0105507
1.90847
-0.0100499
1.90847
-0.00951973
1.90847
-0.00903228
1.90847
-0.00854167
1.90847
-0.00794795
1.90847
-0.00750007
1.90847
-0.00704494
1.90847
-0.00654007
1.90847
-0.00610541
1.90566
-0.00553809
1.90566
-0.00499879
1.90566
-0.0045072
1.90566
-0.00404519
1.90566
-0.00354772
1.90566
-0.00304382
1.90566
-0.00242119
1.90566
-0.00197049
1.90566
-0.00151445
1.90566
-0.0010042
1.90687
-0.000487905
1.90687
0.000108153
1.90687
0.000544358
1.90687
0.000957897
1.90687
0.00145938
1.90687
0.001968
1.90687
0.00247546
1.90687
0.00297967
1.90687
0.00351105
1.90687
0.00399773
1.91065
0.00446543
1.91065
0.00505075
1.91065
0.00550417
1.91065
0.00596711
1.91065
0.00648215
1.91065
0.00698102
1.91065
0.00747401
1.91065
0.00797278
1.91065
0.00846705
1.91065
0.00896008
1.90642
0.00957553
1.90642
0.0100158
1.90642
0.0104662
1.90642
0.0109729
1.90642
0.011487
1.90642
0.012092
1.90642
0.0125271
1.90642
0.0129377
1.90642
0.0134278
1.90642
0.0139287
1.90627
0.0144307
1.90627
0.0149349
1.90627
0.015468
1.90627
0.0159553
1.90627
0.0164255
1.90627
0.0169744
1.90627
0.0174207
1.90627
0.017811
1.90627
0.0183409
1.90627
0.018874
1.91007
0.0194171
1.91007
0.0199167
1.91007
0.0205069
1.91007
0.0209631
1.91007
0.0213953
1.91007
0.0218921
1.91007
0.0223955
1.91007
0.0228976
1.91007
0.0234036
1.91007
0.0239397
1.9075
0.0244261
1.9075
0.0249181
1.9075
0.0254373
1.9075
0.0259235
1.9075
0.0264217
1.9075
0.0269526
1.9075
0.0274341
1.9075
0.0279275
1.9075
0.028453
1.9075
0.0289408
1.90624
0.0294192
1.90624
0.0298634
1.90624
0.0304008
1.90624
0.030961
1.90624
0.0314626
1.90624
0.0318514
1.90624
0.0323939
1.90624
0.0329901
1.90624
0.0334822
1.90624
0.0339623
1.90861
0.0345374
1.90861
0.0350017
1.90861
0.0354745
1.90861
0.035957
1.90861
0.0364468
1.90861
0.036942
1.90861
0.0375591
1.90861
0.0380044
1.90861
0.0383657
1.90861
0.0388916
1.90921
0.0394186
1.90921
0.0399368
1.90921
0.0404453
1.90921
0.0409374
1.90921
0.0414391
1.90921
0.041942
1.90921
0.0424367
1.90921
0.0429253
1.90921
0.0434272
1.90921
0.0439644
1.9064
0.0444469
1.9064
0.0449374
1.9064
0.0454343
1.9064
0.0459255
1.9064
0.0464305
1.9064
0.0469366
1.9064
0.0474307
1.9064
0.0479352
1.9064
0.0484376
1.9064
0.0489303
1.90767
0.0494352
1.90767
0.0499412
1.90767
0.0504345
1.90767
0.0509391
1.90767
0.0514416
1.90767
0.0519338
1.90767
0.0524387
1.90767
0.0529447
1.90767
0.0534375
1.90767
0.0539421
1.9114
0.0544447
1.9114
0.0549363
1.9114
0.0554413
1.9114
0.0559475
1.9114
0.0564399
1.9114
0.0569445
1.9114
0.0574472
1.9114
0.0579384
1.9114
0.0584435
1.9114
0.0589499
1.90714
0.0594418
1.90714
0.0599465
1.90714
0.0604494
1.90714
0.0609401
1.90714
0.0614453
1.90714
0.0619872
1.90714
0.0624687
1.90714
0.0629587
1.90714
0.0634517
1.90714
0.063939
1.90713
0.0644449
1.90713
0.0649884
1.90713
0.0654694
1.90713
0.0659588
1.90713
0.0664515
1.90713
0.0669382
1.90713
0.0674443
1.90713
0.0679881
1.90713
0.0684671
1.90713
0.0689557
1.9109
0.069555
1.9109
0.0700018
1.9109
0.070453
1.9109
0.0709588
1.9109
0.0714842
1.9109
0.0719816
1.9109
0.0725239
1.9109
0.0729818
1.9109
0.0734595
1.9109
0.0739439
1.90829
0.074429
1.90829
0.0749365
1.90829
0.0754804
1.90829
0.0759612
1.90829
0.0764516
1.90829
0.0769452
1.90829
0.0774307
1.90829
0.0779378
1.90829
0.0784833
1.90829
0.0789617
1.90695
0.0794504
1.90695
0.0800507
1.90695
0.0804977
1.90695
0.0809485
1.90695
0.0814549
1.90695
0.0819827
1.90695
0.0824792
1.90695
0.0830193
1.90695
0.0834778
1.90695
0.0839564
1.90929
0.0844407
1.90929
0.0849241
1.90929
0.0854321
1.90929
0.0859775
1.90929
0.0864574
1.90929
0.0869477
1.90929
0.0875478
1.90929
0.087996
1.90929
0.0884482
1.90929
0.0889556
1.90994
0.0894034
1.90994
0.089964
1.90994
0.0904945
1.90994
0.0909871
1.90994
0.091455
1.90994
0.0919525
1.90994
0.0925788
1.90994
0.0930273
1.90994
0.0934884
1.90994
0.093958
1.90721
0.0944333
1.90721
0.0949416
1.90721
0.0954903
1.90721
0.0959713
1.90721
0.0964627
1.90721
0.0969636
1.90721
0.097448
1.90721
0.0979563
1.90721
0.0985047
1.90721
0.098974
1.90838
0.0994626
1.90838
0.100065
1.90838
0.100516
1.90838
0.10097
1.90838
0.101479
1.90838
0.101929
1.90838
0.102488
1.90838
0.103017
1.90838
0.103511
1.90838
0.10398
1.91215
0.104477
1.91215
0.104976
1.91215
0.105605
1.91215
0.106053
1.91215
0.106504
1.91215
0.107017
1.91215
0.107538
1.91215
0.108119
1.91215
0.10856
1.91215
0.108989
1.90787
0.109485
1.90787
0.109982
1.90787
0.11047
1.90787
0.110981
1.90787
0.11153
1.90787
0.112006
1.90787
0.112474
1.90787
0.113035
1.90787
0.113477
1.90787
0.113863
1.90776
0.11439
1.90776
0.114924
1.90776
0.115469
1.90776
0.115965
1.90776
0.11644
1.90776
0.116955
1.90776
0.117444
1.90776
0.117948
1.90776
0.118489
1.90776
0.119035
1.91153
0.119522
1.91153
0.120004
1.91153
0.120444
1.91153
0.120992
1.91153
0.121552
1.91153
0.122054
1.91153
0.122432
1.91153
0.122975
1.91153
0.123512
1.91153
0.123933
1.90912
0.124478
1.90912
0.12501
1.90912
0.125503
1.90912
0.125929
1.90912
0.126482
1.90912
0.127008
1.90912
0.127506
1.90912
0.128085
1.90912
0.128519
1.90912
0.128943
1.90774
0.129522
1.90774
0.129999
1.90774
0.130481
1.90774
0.131057
1.90774
0.131526
1.90774
0.131975
1.90774
0.132472
1.90774
0.132966
1.90774
0.133448
1.90774
0.133961
1.91009
0.134515
1.91009
0.134988
1.91009
0.135477
1.91009
0.135979
1.91009
0.13646
1.91009
0.136972
1.91009
0.137489
1.91009
0.137972
1.91009
0.138482
1.91009
0.138992
1.9108
0.139473
1.9108
0.139984
1.9108
0.140499
1.9108
0.140981
1.9108
0.141491
1.9108
0.142
1.9108
0.142481
1.9108
0.142991
1.9108
0.143545
1.9108
0.14402
1.9081
0.144511
1.9081
0.145007
1.9081
0.145483
1.9081
0.145996
1.9081
0.146552
1.9081
0.147024
1.9081
0.147512
1.9081
0.148007
1.9081
0.148483
1.9081
0.148996
1.90915
0.149553
1.90915
0.150024
1.90915
0.150512
1.90915
0.151118
1.90915
0.151565
1.90915
0.152014
1.90915
0.152523
1.90915
0.153066
1.90915
0.153556
1.90915
0.154082
1.91304
0.154544
1.91304
0.155029
1.91304
0.155515
1.91304
0.156005
1.91304
0.156479
1.91304
0.156992
1.91304
0.157548
1.91304
0.158019
1.91304
0.158507
1.91304
0.159112
1.90875
0.159561
1.90875
0.16001
1.90875
0.16052
1.90875
0.161065
1.90875
0.161555
1.90875
0.16208
1.90875
0.162542
1.90875
0.163028
1.90875
0.163513
1.90875
0.164003
1.90864
0.164476
1.90864
0.164989
1.90864
0.165547
1.90864
0.166017
1.90864
0.166504
1.90864
0.167111
1.90864
0.167559
1.90864
0.168009
1.90864
0.168519
1.90864
0.169066
1.91235
0.169555
1.91235
0.170078
1.91235
0.170541
1.91235
0.171026
1.91235
0.171509
1.91235
0.171978
1.91235
0.172491
1.91235
0.173049
1.91235
0.173519
1.91235
0.174009
1.91004
0.174505
1.91004
0.174977
1.91004
0.175492
1.91004
0.176052
1.91004
0.176521
1.91004
0.177008
1.91004
0.177616
1.91004
0.178063
1.91004
0.178512
1.91004
0.179021
1.90856
0.179482
1.90856
0.180035
1.90856
0.180557
1.90856
0.18105
1.90856
0.181526
1.90856
0.182
1.90856
0.182542
1.90856
0.183043
1.90856
0.183578
1.90856
0.184092
1.91101
0.184582
1.91101
0.185165
1.91101
0.18559
1.91101
0.186043
1.91101
0.186543
1.91101
0.18699
1.91101
0.187537
1.91101
0.188074
1.91101
0.188574
1.91101
0.189051
1.91168
0.189543
1.91168
0.19003
1.91168
0.190612
1.91168
0.191079
1.91168
0.191526
1.91168
0.192029
1.91168
0.192523
1.91168
0.193
1.91168
0.193521
1.91168
0.194085
1.90891
0.194554
1.90891
0.195042
1.90891
0.195571
1.90891
0.196037
1.90891
0.196543
1.90891
0.197095
1.90891
0.197558
1.90891
0.198051
1.90891
0.198591
1.90891
0.199059
1.91012
0.199546
1.91012
0.200026
1.91012
0.20055
1.91012
0.201088
1.91012
0.201593
1.91012
0.201982
1.91012
0.202527
1.91012
0.203144
1.91012
0.203631
1.91012
0.204098
1.91398
0.204651
1.91398
0.205127
1.91398
0.205614
1.91398
0.206094
1.91398
0.206556
1.91398
0.207071
1.91398
0.207633
1.91398
0.2081
1.91398
0.208588
1.91398
0.209092
1.90974
0.20956
1.90974
0.210075
1.90974
0.210639
1.90974
0.211098
1.90974
0.211585
1.90974
0.212195
1.90974
0.212646
1.90974
0.213097
1.90974
0.213608
1.90974
0.214164
1.90945
0.21465
1.90945
0.215164
1.90945
0.215627
1.90945
0.216116
1.90945
0.216598
1.90945
0.21706
1.90945
0.217575
1.90945
0.218139
1.90945
0.218605
1.90945
0.219093
1.91336
0.219671
1.91336
0.220138
1.91336
0.220586
1.91336
0.221084
1.91336
0.221574
1.91336
0.222044
1.91336
0.222565
1.91336
0.223132
1.91336
0.223598
1.91336
0.224066
1.91101
0.224644
1.91101
0.225081
1.91101
0.225465
1.91101
0.22599
1.91101
0.226524
1.91101
0.227072
1.91101
0.227566
1.91101
0.228021
1.91101
0.228544
1.91101
0.229051
1.90948
0.229543
1.90948
0.230086
1.90948
0.230656
1.90948
0.231131
1.90948
0.231602
1.90948
0.232055
1.90948
0.232597
1.90948
0.233146
1.90948
0.233651
1.90948
0.234037
1.91181
0.234578
1.91181
0.23511
1.91181
0.235537
1.91181
0.236079
1.91181
0.236606
1.91181
0.237102
1.91181
0.237545
1.91181
0.23809
1.91181
0.238608
1.91181
0.239107
1.91272
0.239702
1.91272
0.240129
1.91272
0.240542
1.91272
0.241121
1.91272
0.241601
1.91272
0.242083
1.91272
0.242648
1.91272
0.24312
1.91272
0.243585
1.91272
0.244079
1.90991
0.244564
1.90991
0.245027
1.90991
0.245549
1.90991
0.24612
1.90991
0.246583
1.90991
0.24707
1.90991
0.247602
1.90991
0.248011
1.90991
0.248586
1.90991
0.249129
1.91099
0.249639
1.91099
0.250132
1.91099
0.250583
1.91099
0.251094
1.91099
0.251597
1.91099
0.252106
1.91099
0.252602
1.91099
0.253093
1.91099
0.253587
1.91099
0.25405
1.91531
0.254572
1.91531
0.255084
1.91531
0.255596
1.91531
0.256098
1.91531
0.256561
1.91531
0.257081
1.91531
0.257608
1.91531
0.258076
1.91531
0.258591
1.91531
0.259108
1.91075
0.259573
1.91075
0.260091
1.91075
0.260616
1.91075
0.261083
1.91075
0.261598
1.91075
0.262116
1.91075
0.262581
1.91075
0.263098
1.91075
0.263622
1.91075
0.264089
1.91062
0.264604
1.91062
0.265122
1.91062
0.265586
1.91062
0.266103
1.91062
0.266628
1.91062
0.267094
1.91062
0.267609
1.91062
0.268127
1.91062
0.268591
1.91062
0.269108
1.91427
0.269633
1.91427
0.270098
1.91427
0.270613
1.91427
0.271131
1.91427
0.271595
1.91427
0.272112
1.91427
0.272637
1.91427
0.273102
1.91427
0.273617
1.91427
0.274135
1.91202
0.274598
1.91202
0.275115
1.91202
0.27564
1.91202
0.276105
1.91202
0.27662
1.91202
0.277138
1.91202
0.2776
1.91202
0.278118
1.91202
0.278643
1.91202
0.279107
1.91062
0.279622
1.91062
0.28014
1.91062
0.280603
1.91062
0.28112
1.91062
0.281645
1.91062
0.282109
1.91062
0.282625
1.91062
0.283143
1.91062
0.283605
1.91062
0.284122
1.91282
0.284648
1.91282
0.285111
1.91282
0.285626
1.91282
0.286145
1.91282
0.286606
1.91282
0.287124
1.91282
0.28765
1.91282
0.288113
1.91282
0.288628
1.91282
0.289146
1.91383
0.289607
1.91383
0.290125
1.91383
0.290651
1.91383
0.291114
1.91383
0.291629
1.91383
0.292148
1.91383
0.292609
1.91383
0.293127
1.91383
0.293653
1.91383
0.294115
1.91106
0.294631
1.91106
0.295149
1.91106
0.29561
1.91106
0.296128
1.91106
0.296654
1.91106
0.297116
1.91106
0.297632
1.91106
0.298151
1.91106
0.298611
1.91106
0.299129
1.91194
0.299656
1.91194
0.300117
1.91194
0.300633
1.91194
0.301152
1.91194
0.301611
1.91194
0.30213
1.91194
0.302657
1.91194
0.303118
1.91194
0.303634
1.91194
0.304153
1.91629
0.304612
1.91629
0.305131
1.91629
0.305658
1.91629
0.306119
1.91629
0.306635
1.91629
0.307154
1.91629
0.307613
1.91629
0.308132
1.91629
0.308659
1.91629
0.309119
1.91193
0.309636
1.91193
0.310155
1.91193
0.310614
1.91193
0.311132
1.91193
0.31166
1.91193
0.31212
1.91193
0.312637
1.91193
0.313156
1.91193
0.313614
1.91193
0.314133
1.91154
0.314661
1.91154
0.315121
1.91154
0.315637
1.91154
0.316157
1.91154
0.316615
1.91154
0.317134
1.91154
0.317662
1.91154
0.318121
1.91154
0.318638
1.91154
0.319158
1.91519
0.319615
1.91519
0.320135
1.91519
0.320663
1.91519
0.321122
1.91519
0.321639
1.91519
0.322159
1.91519
0.322616
1.91519
0.323135
1.91519
0.323664
1.91519
0.324123
1.92621
0.32464
1.92621
0.32516
1.92621
0.325617
1.92621
0.326136
1.92621
0.326665
1.92621
0.327123
1.92621
0.32764
1.92621
0.328161
1.92621
0.328617
1.92621
0.329137
2.14762
0.329666
2.14762
0.330124
2.14762
0.330641
2.14762
0.331162
2.14762
0.331618
2.14762
0.332137
2.14762
0.332667
2.14762
0.333124
2.14762
0.333642
2.14762
0.334163
2.14465
0.334618
2.14465
0.335138
2.14465
0.335668
2.14465
0.336125
2.14465
0.336642
2.14465
0.337164
2.14465
0.337619
2.14465
0.338139
2.14465
0.338717
2.14465
0.33917
2.14666
0.339657
2.14666
0.340158
2.14666
0.340608
2.14666
0.341134
2.14666
0.341717
2.14666
0.342171
2.14666
0.342656
2.14666
0.343155
2.14666
0.343604
2.14666
0.344131
2.15015
0.344716
2.15015
0.345168
2.15015
0.345651
2.15015
0.346267
2.15015
0.346715
2.15015
0.347159
2.15015
0.347673
2.15015
0.348158
2.15015
0.348699
2.15015
0.349205
2.14522
0.349701
2.14522
0.350186
2.14522
0.350638
2.14522
0.351186
2.14522
0.351718
2.14522
0.352238
2.14522
0.352733
2.14522
0.353224
2.14522
0.353827
2.14522
0.354242
2.14558
0.354688
2.14558
0.35519
2.14558
0.355655
2.14558
0.356188
2.14558
0.356707
2.14558
0.357208
2.14558
0.357781
2.14558
0.358228
2.14558
0.358595
2.14558
0.359127
2.15115
0.359727
2.15115
0.360216
2.15115
0.360691
2.15115
0.361245
2.15115
0.361714
2.15115
0.362203
2.15115
0.362679
2.15115
0.36316
2.15115
0.363602
2.15115
0.36413
2.14639
0.364718
2.14639
0.365171
2.14639
0.365656
2.14639
0.366156
2.14639
0.366605
2.14639
0.367135
2.14639
0.367726
2.14639
0.368178
2.14639
0.368663
2.14639
0.369282
2.14511
0.369732
2.14511
0.370177
2.14511
0.370693
2.14511
0.371184
2.14511
0.371724
2.14511
0.37223
2.14511
0.372727
2.14511
0.373214
2.14511
0.373664
2.14511
0.374214
2.14876
0.374751
2.14876
0.37527
2.14876
0.375764
2.14876
0.376257
2.14876
0.376862
2.14876
0.377278
2.14876
0.377724
2.14876
0.378227
2.14876
0.378798
2.14876
0.379258
2.14795
0.379731
2.14795
0.380207
2.14795
0.3807
2.14795
0.381194
2.14795
0.381668
2.14795
0.382107
2.14795
0.382639
2.14795
0.383231
2.14795
0.383681
2.14795
0.384164
2.14516
0.384702
2.14516
0.385145
2.14516
0.38566
2.14516
0.386234
2.14516
0.386678
2.14516
0.38717
2.14516
0.387723
2.14516
0.388169
2.14516
0.388666
2.14516
0.389188
2.14695
0.389695
2.14695
0.390207
2.14695
0.390717
2.14695
0.391108
2.14695
0.391655
2.14695
0.392291
2.14695
0.392771
2.14695
0.393224
2.14695
0.393805
2.14695
0.394257
2.15047
0.394704
2.15047
0.39523
2.15047
0.395736
2.15047
0.396227
2.15047
0.396662
2.15047
0.397187
2.15047
0.397774
2.15047
0.398215
2.15047
0.398699
2.15047
0.399241
2.14572
0.399682
2.14572
0.400192
2.14572
0.400763
2.14572
0.401205
2.14572
0.401698
2.14572
0.402254
2.14572
0.402698
2.14572
0.403193
2.14572
0.403714
2.14572
0.404221
2.14607
0.404731
2.14607
0.405241
2.14607
0.405632
2.14607
0.406179
2.14607
0.406815
2.14607
0.407294
2.14607
0.407745
2.14607
0.408325
2.14607
0.408777
2.14607
0.409224
2.15184
0.40975
2.15184
0.410255
2.15184
0.410746
2.15184
0.411177
2.15184
0.411703
2.15184
0.412292
2.15184
0.412731
2.15184
0.413214
2.15184
0.413756
2.15184
0.414195
2.14698
0.414706
2.14698
0.415278
2.14698
0.415718
2.14698
0.416211
2.14698
0.416767
2.14698
0.41721
2.14698
0.417705
2.14698
0.418229
2.14698
0.418734
2.14698
0.419243
2.14568
0.419752
2.14568
0.420143
2.14568
0.42069
2.14568
0.421327
2.14568
0.421806
2.14568
0.422255
2.14568
0.422835
2.14568
0.423287
2.14568
0.423734
2.14568
0.42426
2.14932
0.424766
2.14932
0.425256
2.14932
0.425685
2.14932
0.426211
2.14932
0.426802
2.14932
0.427239
2.14932
0.427723
2.14932
0.428265
2.14932
0.428702
2.14932
0.429214
2.14871
0.429787
2.14871
0.430226
2.14871
0.430719
2.14871
0.431276
2.14871
0.431716
2.14871
0.432213
2.14871
0.43274
2.14871
0.433243
2.14871
0.43375
2.14871
0.434259
2.14573
0.434651
2.14573
0.435198
2.14573
0.435836
2.14573
0.436314
2.14573
0.436762
2.14573
0.437341
2.14573
0.437793
2.14573
0.43824
2.14573
0.438767
2.14573
0.439274
2.14765
0.439763
2.14765
0.44019
2.14765
0.440717
2.14765
0.441309
2.14765
0.441745
2.14765
0.442228
2.14765
0.442771
2.14765
0.443207
2.14765
0.443719
2.14765
0.444294
2.15112
0.444731
2.15112
0.445224
2.15112
0.445782
2.15112
0.446221
2.15112
0.446718
2.15112
0.447248
2.15112
0.447751
2.15112
0.448255
2.15112
0.448765
2.15112
0.449157
2.14638
0.449704
2.14638
0.450343
2.14638
0.45082
2.14638
0.451268
2.14638
0.451846
2.14638
0.452298
2.14638
0.452746
2.14638
0.453273
2.14638
0.45378
2.14638
0.454269
2.14666
0.454694
2.14666
0.455222
2.14666
0.455816
2.14666
0.456251
2.14666
0.456733
2.14666
0.457277
2.14666
0.457711
2.14666
0.458223
2.14666
0.4588
2.14666
0.459236
2.15241
0.459729
2.15241
0.460288
2.15241
0.460725
2.15241
0.461223
2.15241
0.461756
2.15241
0.462258
2.15241
0.46276
2.15241
0.46327
2.15241
0.463662
2.15241
0.464209
2.14758
0.46485
2.14758
0.465326
2.14758
0.465773
2.14758
0.46635
2.14758
0.466803
2.14758
0.467251
2.14758
0.467779
2.14758
0.468286
2.14758
0.468775
2.14758
0.469198
2.14633
0.469726
2.14633
0.470322
2.14633
0.470756
2.14633
0.471238
2.14633
0.471782
2.14633
0.472215
2.14633
0.472728
2.14633
0.473306
2.14633
0.47374
2.14633
0.474233
2.14984
0.474793
2.14984
0.475229
2.14984
0.475728
2.14984
0.476264
2.14984
0.476764
2.14984
0.477265
2.14984
0.477775
2.14984
0.478167
2.14984
0.478715
2.14984
0.479356
2.1492
0.479832
2.1492
0.480278
2.1492
0.480855
2.1492
0.481308
2.1492
0.481756
2.1492
0.482285
2.1492
0.482793
2.1492
0.483281
2.1492
0.483702
2.1492
0.484231
2.14638
0.484828
2.14638
0.485261
2.14638
0.485743
2.14638
0.486288
2.14638
0.486719
2.14638
0.487232
2.14638
0.487812
2.14638
0.488245
2.14638
0.488738
2.14638
0.489299
2.14826
0.489733
2.14826
0.490233
2.14826
0.490772
2.14826
0.491271
2.14826
0.49177
2.14826
0.49228
2.14826
0.492673
2.14826
0.49322
2.14826
0.493863
2.14826
0.494339
2.1518
0.494784
2.1518
0.495359
2.1518
0.495813
2.1518
0.496261
2.1518
0.496791
2.1518
0.497299
2.1518
0.497787
2.1518
0.498206
2.1518
0.498735
2.1518
0.499334
2.14698
0.499766
2.14698
0.500248
2.14698
0.500793
2.14698
0.501223
2.14698
0.501737
2.14698
0.502318
2.14698
0.50275
2.14698
0.503243
2.14698
0.503804
2.14698
0.504238
2.14736
0.504738
2.14736
0.50528
2.14736
0.505778
2.14736
0.506275
2.14736
0.506785
2.14736
0.507178
2.14736
0.507726
2.14736
0.508369
2.14736
0.508845
2.14736
0.509289
2.15296
0.509864
2.15296
0.510318
2.15296
0.510767
2.15296
0.511297
2.15296
0.511805
2.15296
0.512293
2.15296
0.512709
2.15296
0.51324
2.15296
0.513841
2.15296
0.514271
2.1483
0.514753
2.1483
0.515299
2.1483
0.515726
2.1483
0.516241
2.1483
0.516824
2.1483
0.517254
2.1483
0.517748
2.1483
0.51831
2.1483
0.518742
2.1483
0.519243
2.14693
0.519788
2.14693
0.520285
2.14693
0.52078
2.14693
0.521291
2.14693
0.521684
2.14693
0.522232
2.14693
0.522876
2.14693
0.523351
2.14693
0.523794
2.14693
0.524369
2.15062
0.524823
2.15062
0.525272
2.15062
0.525802
2.15062
0.526312
2.15062
0.526799
2.15062
0.527213
2.15062
0.527745
2.15062
0.528347
2.15062
0.528776
2.15062
0.529258
2.15019
0.529804
2.15019
0.530231
2.15019
0.530746
2.15019
0.53133
2.15019
0.531759
2.15019
0.532252
2.15019
0.532816
2.15019
0.533246
2.15019
0.533748
2.15019
0.534296
2.14698
0.534792
2.14698
0.535285
2.14698
0.535796
2.14698
0.53619
2.14698
0.536738
2.14698
0.537383
2.14698
0.537857
2.14698
0.5383
2.14698
0.53889
2.14698
0.53934
2.14895
0.539784
2.14895
0.540302
2.14895
0.540815
2.14895
0.541342
2.14895
0.541833
2.14895
0.542333
2.14895
0.54294
2.14895
0.543369
2.14895
0.543711
2.14895
0.544247
2.15292
0.544867
2.15292
0.545352
2.15292
0.545816
2.15292
0.546344
2.15292
0.546825
2.15292
0.547329
2.15292
0.547806
2.15292
0.548282
2.15292
0.54877
2.15292
0.549404
2.14777
0.549846
2.14777
0.550286
2.14777
0.550808
2.14777
0.551431
2.14777
0.551869
2.14777
0.552211
2.14777
0.552754
2.14777
0.553312
2.14777
0.553826
2.14777
0.554321
2.148
0.554733
2.148
0.555266
2.148
0.555778
2.148
0.556298
2.148
0.556796
2.148
0.557285
2.148
0.557778
2.148
0.5582
2.148
0.558746
2.148
0.559374
2.15364
0.559847
2.15364
0.560234
2.15364
0.560762
2.15364
0.561385
2.15364
0.561864
2.15364
0.562334
2.15364
0.562845
2.15364
0.563224
2.15364
0.563773
2.15364
0.564403
2.14897
0.564883
2.14897
0.56526
2.14897
0.565785
2.14897
0.566335
2.14897
0.566766
2.14897
0.56729
2.14897
0.567787
2.14897
0.56831
2.14897
0.568771
2.14897
0.569298
2.14767
0.569782
2.14767
0.570307
2.14767
0.570776
2.14767
0.571303
2.14767
0.571835
2.14767
0.57226
2.14767
0.572791
2.14767
0.573298
2.14767
0.573821
2.14767
0.574329
2.15115
0.57475
2.15115
0.575287
2.15115
0.575898
2.15115
0.576331
2.15115
0.576815
2.15115
0.57732
2.15115
0.577742
2.15115
0.578284
2.15115
0.578899
2.15115
0.579332
2.15105
0.579813
2.15105
0.580437
2.15105
0.580887
2.15105
0.581328
2.15105
0.58185
2.15105
0.582473
2.15105
0.582905
2.15105
0.583242
2.15105
0.583785
2.15105
0.584414
1.34232
0.584892
1.34232
0.585349
1.34232
0.585868
1.34232
0.586354
1.34232
0.586863
1.34232
0.58734
1.34232
0.587816
1.34232
0.588226
1.34232
0.588768
1.34232
0.589384
1.33487
0.589817
1.33487
0.590298
1.33487
0.59085
1.33487
0.591271
1.33487
0.591839
1.33487
0.592465
1.33487
0.592927
1.33487
0.593289
1.33487
0.59384
1.33487
0.594422
1.33124
0.594928
1.33124
0.59539
1.33124
0.595815
1.33124
0.59634
1.33124
0.596843
1.33124
0.597345
1.33124
0.597841
1.33124
0.598358
1.33124
0.598847
1.33124
0.599351
1.33
0.599851
1.33
0.600373
1.33
0.600869
1.33
0.601375
1.33
0.601994
1.33
0.602441
1.33
0.60287
1.33
0.603364
1.33
0.603898
1.33
0.60439
1.33052
0.604848
1.33052
0.605252
1.33052
0.6058
1.33052
0.606422
1.33052
0.606854
1.33052
0.607326
1.33052
0.607874
1.33052
0.608371
1.33052
0.60891
1.33052
0.60938
1.33229
0.60989
1.33229
0.610384
1.33229
0.610848
1.33229
0.611257
1.33229
0.611804
1.33229
0.612425
1.33229
0.612858
1.33229
0.613338
1.33229
0.613885
1.33229
0.614305
1.33038
0.61483
1.33038
0.615428
1.33038
0.615853
1.33038
0.616346
1.33038
0.616914
1.33038
0.617408
1.33038
0.617765
1.33038
0.618318
1.33038
0.618964
1.33038
0.619444
1.3303
0.619894
1.3303
0.62039
1.3303
0.621028
1.3303
0.621453
1.3303
0.621846
1.3303
0.622363
1.3303
0.622984
1.3303
0.623435
1.3303
0.623898
1.3303
0.624467
1.33223
0.624892
1.33223
0.625359
1.33223
0.625844
1.33223
0.62634
1.33223
0.62684
1.33223
0.627341
1.33223
0.627842
1.33223
0.628343
1.33223
0.628843
1.33223
0.629343
1.33083
0.629844
1.33083
0.630344
1.33083
0.630844
1.33083
0.631345
1.33083
0.631845
1.33083
0.632345
1.33083
0.632846
1.33083
0.633346
1.33083
0.633846
1.33083
0.634347
1.33023
0.634847
1.33023
0.635347
1.33023
0.635847
1.33023
0.636348
1.33023
0.636848
1.33023
0.637348
1.33023
0.637848
1.33023
0.638349
1.33023
0.638849
1.33023
0.639349
1.33149
0.639849
1.33149
0.64035
1.33149
0.64085
1.33149
0.64135
1.33149
0.64185
1.33149
0.64235
1.33149
0.642851
1.33149
0.643351
1.33149
0.643851
1.33149
0.644351
1.33153
0.644852
1.33153
0.645352
1.33153
0.645852
1.33153
0.646352
1.33153
0.646852
1.33153
0.647352
1.33153
0.647853
1.33153
0.648353
1.33153
0.648853
1.33153
0.649353
1.33036
0.649853
1.33036
0.650354
1.33036
0.650854
1.33036
0.651354
1.33036
0.651854
1.33036
0.652354
1.33036
0.652854
1.33036
0.653355
1.33036
0.653855
1.33036
0.654355
1.33104
0.654855
1.33104
0.655355
1.33104
0.655855
1.33104
0.656355
1.33104
0.656856
1.33104
0.657356
1.33104
0.657856
1.33104
0.658356
1.33104
0.658856
1.33104
0.659356
1.33243
0.659856
1.33243
0.660357
1.33243
0.660857
1.33243
0.661357
1.33243
0.661857
1.33243
0.662357
1.33243
0.662857
1.33243
0.663357
1.33243
0.663858
1.33243
0.664358
1.33066
0.664858
1.33066
0.665358
1.33066
0.665858
1.33066
0.666358
1.33066
0.666858
1.33066
0.667359
1.33066
0.667859
1.33066
0.668359
1.33066
0.668859
1.33066
0.669359
1.33079
0.669859
1.33079
0.670359
1.33079
0.670859
1.33079
0.67136
1.33079
0.67186
1.33079
0.67236
1.33079
0.67286
1.33079
0.67336
1.33079
0.67386
1.33079
0.67436
1.33283
0.67486
1.33283
0.675361
1.33283
0.675861
1.33283
0.676361
1.33283
0.676861
1.33283
0.677361
1.33283
0.677861
1.33283
0.678361
1.33283
0.678861
1.33283
0.679362
1.33114
0.679862
1.33114
0.680362
1.33114
0.680862
1.33114
0.681362
1.33114
0.681862
1.33114
0.682362
1.33114
0.682862
1.33114
0.683363
1.33114
0.683863
1.33114
0.684363
1.33071
0.684863
1.33071
0.685363
1.33071
0.685863
1.33071
0.686363
1.33071
0.686863
1.33071
0.687364
1.33071
0.687864
1.33071
0.688364
1.33071
0.688864
1.33071
0.689364
1.33214
0.689864
1.33214
0.690364
1.33214
0.690864
1.33214
0.691365
1.33214
0.691865
1.33214
0.692365
1.33214
0.692865
1.33214
0.693365
1.33214
0.693865
1.33214
0.694365
1.33181
0.694865
1.33181
0.695366
1.33181
0.695866
1.33181
0.696366
1.33181
0.696866
1.33181
0.697366
1.33181
0.697866
1.33181
0.698366
1.33181
0.698866
1.33181
0.699366
1.33081
0.699867
1.33081
0.700367
1.33081
0.700867
1.33081
0.701367
1.33081
0.701867
1.33081
0.702367
1.33081
0.702867
1.33081
0.703367
1.33081
0.703868
1.33081
0.704368
1.33166
0.704868
1.33166
0.705368
1.33166
0.705868
1.33166
0.706368
1.33166
0.706868
1.33166
0.707368
1.33166
0.707869
1.33166
0.708369
1.33166
0.708869
1.33166
0.709369
1.33269
0.709869
1.33269
0.710369
1.33269
0.710869
1.33269
0.711369
1.33269
0.711869
1.33269
0.71237
1.33269
0.71287
1.33269
0.71337
1.33269
0.71387
1.33269
0.71437
1.33109
0.71487
1.33109
0.71537
1.33109
0.71587
1.33109
0.716371
1.33109
0.716871
1.33109
0.717371
1.33109
0.717871
1.33109
0.718371
1.33109
0.718871
1.33109
0.719371
1.33138
0.719871
1.33138
0.720372
1.33138
0.720872
1.33138
0.721372
1.33138
0.721872
1.33138
0.722372
1.33138
0.722872
1.33138
0.723372
1.33138
0.723872
1.33138
0.724373
1.3336
0.724873
1.3336
0.725373
1.3336
0.725873
1.3336
0.726373
1.3336
0.726873
1.3336
0.727373
1.3336
0.727873
1.3336
0.728374
1.3336
0.728874
1.3336
0.729374
1.33155
0.729874
1.33155
0.730374
1.33155
0.730874
1.33155
0.731374
1.33155
0.731874
1.33155
0.732374
1.33155
0.732875
1.33155
0.733375
1.33155
0.733875
1.33155
0.734375
1.33127
0.734875
1.33127
0.735375
1.33127
0.735875
1.33127
0.736375
1.33127
0.736876
1.33127
0.737376
1.33127
0.737876
1.33127
0.738376
1.33127
0.738876
1.33127
0.739376
1.33287
0.739876
1.33287
0.740376
1.33287
0.740877
1.33287
0.741377
1.33287
0.741877
1.33287
0.742377
1.33287
0.742877
1.33287
0.743377
1.33287
0.743877
1.33287
0.744377
1.3322
0.744878
1.3322
0.745378
1.3322
0.745878
1.3322
0.746378
1.3322
0.746878
1.3322
0.747378
1.3322
0.747878
1.3322
0.748378
1.3322
0.748879
1.3322
0.749379
1.33135
0.749879
1.33135
0.750379
1.33135
0.750879
1.33135
0.751379
1.33135
0.751879
1.33135
0.752379
1.33135
0.75288
1.33135
0.75338
1.33135
0.75388
1.33135
0.75438
1.33236
0.75488
1.33236
0.75538
1.33236
0.75588
1.33236
0.75638
1.33236
0.756881
1.33236
0.757381
1.33236
0.757881
1.33236
0.758381
1.33236
0.758881
1.33236
0.759381
1.33304
0.759881
1.33304
0.760381
1.33304
0.760882
1.33304
0.761382
1.33304
0.761882
1.33304
0.762382
1.33304
0.762882
1.33304
0.763382
1.33304
0.763882
1.33304
0.764382
1.33161
0.764883
1.33161
0.765383
1.33161
0.765883
1.33161
0.766383
1.33161
0.766883
1.33161
0.767383
1.33161
0.767883
1.33161
0.768383
1.33161
0.768884
1.33161
0.769384
1.33204
0.769884
1.33204
0.770384
1.33204
0.770884
1.33204
0.771384
1.33204
0.771884
1.33204
0.772384
1.33204
0.772885
1.33204
0.773385
1.33204
0.773885
1.33204
0.774385
1.3341
0.774885
1.3341
0.775385
1.3341
0.775885
1.3341
0.776386
1.3341
0.776886
1.3341
0.777386
1.3341
0.777886
1.3341
0.778386
1.3341
0.778886
1.3341
0.779386
1.33205
0.779886
1.33205
0.780387
1.33205
0.780887
1.33205
0.781387
1.33205
0.781887
1.33205
0.782387
1.33205
0.782887
1.33205
0.783387
1.33205
0.783887
1.33205
0.784388
1.33192
0.784888
1.33192
0.785388
1.33192
0.785888
1.33192
0.786388
1.33192
0.786888
1.33192
0.787388
1.33192
0.787888
1.33192
0.788389
1.33192
0.788889
1.33192
0.789389
1.33368
0.789889
1.33368
0.790389
1.33368
0.790889
1.33368
0.791389
1.33368
0.791889
1.33368
0.79239
1.33368
0.79289
1.33368
0.79339
1.33368
0.79389
1.33368
0.79439
1.33267
0.79489
1.33267
0.79539
1.33267
0.795891
1.33267
0.796391
1.33267
0.796891
1.33267
0.797391
1.33267
0.797891
1.33267
0.798391
1.33267
0.798891
1.33267
0.799391
1.33198
0.799892
1.33198
0.800392
1.33198
0.800892
1.33198
0.801392
1.33198
0.801892
1.33198
0.802392
1.33198
0.802892
1.33198
0.803392
1.33198
0.803893
1.33198
0.804393
1.33313
0.804893
1.33313
0.805393
1.33313
0.805893
1.33313
0.806393
1.33313
0.806893
1.33313
0.807394
1.33313
0.807894
1.33313
0.808394
1.33313
0.808894
1.33313
0.809394
1.33349
0.809894
1.33349
0.810394
1.33349
0.810894
1.33349
0.811395
1.33349
0.811895
1.33349
0.812395
1.33349
0.812895
1.33349
0.813395
1.33349
0.813895
1.33349
0.814395
1.33221
0.814895
1.33221
0.815396
1.33221
0.815896
1.33221
0.816396
1.33221
0.816896
1.33221
0.817396
1.33221
0.817896
1.33221
0.818396
1.33221
0.818897
1.33221
0.819397
1.33279
0.819897
1.33279
0.820397
1.33279
0.820897
1.33279
0.821397
1.33279
0.821897
1.33279
0.822397
1.33279
0.822898
1.33279
0.823398
1.33279
0.823898
1.33279
0.824395
1.33453
0.824895
1.33453
0.825396
1.33453
0.825897
1.33453
0.826397
1.33453
0.826898
1.33453
0.827398
1.33453
0.827898
1.33453
0.828399
1.33453
0.828899
1.33453
0.829399
1.33263
0.829897
1.33263
0.830397
1.33263
0.830898
1.33263
0.831398
1.33263
0.831899
1.33263
0.832399
1.33263
0.8329
1.33263
0.8334
1.33263
0.833901
1.33263
0.834401
1.33264
0.834898
1.33264
0.835399
1.33264
0.835899
1.33264
0.8364
1.33264
0.8369
1.33264
0.837401
1.33264
0.837901
1.33264
0.838402
1.33264
0.838902
1.33264
0.8394
1.33455
0.839943
1.33455
0.840428
1.33455
0.840925
1.33455
0.841402
1.33455
0.841923
1.33455
0.842412
1.33455
0.842958
1.33455
0.843433
1.33455
0.84388
1.33455
0.844412
1.33323
0.844925
1.33323
0.845298
1.33323
0.84584
1.33323
0.846489
1.33323
0.846967
1.33323
0.847405
1.33323
0.847893
1.33323
0.84854
1.33323
0.848963
1.33323
0.849374
1.33264
0.849886
1.33264
0.850405
1.33264
0.851057
1.33264
0.851492
1.33264
0.85188
1.33264
0.852383
1.33264
0.852952
1.33264
0.853435
1.33264
0.853871
1.33264
0.854241
1.33396
0.854802
1.33396
0.855452
1.33396
0.855869
1.33396
0.856338
1.33396
0.856894
1.33396
0.857398
1.33396
0.857911
1.33396
0.858387
1.33396
0.858906
1.33396
0.859462
1.33407
0.859924
1.33407
0.860452
1.33407
0.860932
1.33407
0.861373
1.33407
0.861744
1.33407
0.862301
1.33407
0.862949
1.33407
0.863367
1.33407
0.863841
1.33407
0.864484
1.33289
0.864909
1.33289
0.865311
1.33289
0.865829
1.33289
0.866359
1.33289
0.866907
1.33289
0.867412
1.33289
0.867877
1.33289
0.868393
1.33289
0.868918
1.33289
0.869324
1.33362
0.869843
1.33362
0.870394
1.33362
0.870906
1.33362
0.871307
1.33362
0.871873
1.33362
0.872495
1.33362
0.872981
1.33362
0.873426
1.33362
0.873932
1.33362
0.87458
1.33496
0.874979
1.33496
0.875421
1.33496
0.875935
1.33496
0.876474
1.33496
0.876853
1.33496
0.877364
1.33496
0.878032
1.33496
0.878472
1.33496
0.878878
1.33496
0.879374
1.3333
0.879909
1.3333
0.880389
1.3333
0.880876
1.3333
0.881526
1.3333
0.88193
1.3333
0.882302
1.3333
0.882827
1.3333
0.883414
1.3333
0.883898
1.3333
0.884245
1.33346
0.884788
1.33346
0.88535
1.33346
0.885887
1.33346
0.886353
1.33346
0.886868
1.33346
0.8875
1.33346
0.887901
1.33346
0.888346
1.33346
0.888968
1.33346
0.889398
1.33549
0.889798
1.33549
0.890297
1.33549
0.890836
1.33549
0.891335
1.33549
0.891704
1.33549
0.892253
1.33549
0.892761
1.33549
0.89333
1.33549
0.893848
1.33549
0.894343
1.3339
0.894835
1.3339
0.895312
1.3339
0.895689
1.3339
0.896247
1.3339
0.896897
1.3339
0.89731
1.3339
0.897784
1.3339
0.898323
1.3339
0.898821
1.3339
0.899378
1.33342
0.899869
1.33342
0.90031
1.33342
0.900681
1.33342
0.901244
1.33342
0.9019
1.33342
0.902315
1.33342
0.90279
1.33342
0.903344
1.33342
0.903736
1.33342
0.904325
1.33485
0.904888
1.33485
0.905394
1.33485
0.905882
1.33485
0.906252
1.33485
0.906801
1.33485
0.907328
1.33485
0.907852
1.33485
0.908273
1.33485
0.908814
1.33485
0.909373
1.33469
0.909769
1.33469
0.910309
1.33469
0.910818
1.33469
0.911351
1.33469
0.91179
1.33469
0.912331
1.33469
0.912885
1.33469
0.913281
1.33469
0.913823
1.33469
0.914335
1.33369
0.914868
1.33369
0.915383
1.33369
0.915769
1.33369
0.916323
1.33369
0.916901
1.33369
0.917304
1.33369
0.917841
1.33369
0.918396
1.33369
0.918792
1.33369
0.919338
1.33448
0.91991
1.33448
0.920311
1.33448
0.92085
1.33448
0.921357
1.33448
0.921891
1.33448
0.922332
1.33448
0.922873
1.33448
0.923356
1.33448
0.923891
1.33448
0.924346
1.33576
0.924885
1.33576
0.925432
1.33576
0.925824
1.33576
0.926368
1.33576
0.926881
1.33576
0.927412
1.33576
0.927925
1.33576
0.92831
1.33576
0.928863
1.33576
0.929441
1.33405
0.929842
1.33405
0.930378
1.33405
0.930933
1.33405
0.931327
1.33405
0.931872
1.33405
0.932444
1.33405
0.932844
1.33405
0.933382
1.33405
0.933939
1.33405
0.934334
1.33433
0.934878
1.33433
0.93545
1.33433
0.935849
1.33433
0.936388
1.33433
0.936894
1.33433
0.937427
1.33433
0.937867
1.33433
0.938407
1.33433
0.938889
1.33433
0.939424
1.33648
0.939878
1.33648
0.940416
1.33648
0.940963
1.33648
0.941353
1.33648
0.941896
1.33648
0.94241
1.33648
0.942941
1.33648
0.943453
1.33648
0.943835
1.33648
0.944389
1.33466
0.944967
1.33466
0.945367
1.33466
0.945902
1.33466
0.946457
1.33466
0.94685
1.33466
0.947395
1.33466
0.947968
1.33466
0.948366
1.33466
0.948904
1.33466
0.949461
1.33431
0.949854
1.33431
0.950399
1.33431
0.950971
1.33431
0.951369
1.33431
0.951907
1.33431
0.952465
1.33431
0.952858
1.33431
0.953402
1.33431
0.953975
1.33431
0.954372
1.33585
0.954911
1.33585
0.955468
1.33585
0.955861
1.33585
0.956405
1.33585
0.956978
1.33585
0.957375
1.33585
0.957914
1.33585
0.958471
1.33585
0.958864
1.33585
0.959408
1.33545
0.959981
1.33545
0.960378
1.33545
0.960917
1.33545
0.961474
1.33545
0.961867
1.33545
0.962411
1.33545
0.962984
1.33545
0.963381
1.33545
0.963919
1.33545
0.964477
1.3345
0.964869
1.3345
0.965414
1.3345
0.965987
1.3345
0.966383
1.3345
0.966922
1.3345
0.96748
1.3345
0.967872
1.3345
0.968416
1.3345
0.96899
1.3345
0.969386
1.33545
0.969925
1.33545
0.970483
1.33545
0.970874
1.33545
0.971419
1.33545
0.971992
1.33545
0.972388
1.33545
0.972927
1.33545
0.973485
1.33545
0.973877
1.33545
0.974421
1.33646
0.974995
1.33646
0.975391
1.33646
0.975929
1.33646
0.976488
1.33646
0.976879
1.33646
0.977424
1.33646
0.977997
1.33646
0.978393
1.33646
0.978932
1.33646
0.97949
1.33488
0.979881
1.33488
0.980426
1.33488
0.981
1.33488
0.981395
1.33488
0.981934
1.33488
0.982493
1.33488
0.982883
1.33488
0.983428
1.33488
0.984002
1.33488
0.984397
1.33525
0.984936
1.33525
0.985495
1.33525
0.985885
1.33525
0.98643
1.33525
0.987069
1.33525
0.987476
1.33525
0.987961
1.33525
0.988636
1.33525
0.98906
1.33525
0.989488
1.3375
0.989975
1.3375
0.99047
1.3375
0.991018
1.3375
0.991397
1.3375
0.991922
1.3375
0.992621
1.3375
0.992981
1.3375
0.993505
1.3375
0.993896
1.3375
0.994512
1.33542
0.994968
1.33542
0.995557
1.33542
0.995928
1.33542
0.996491
1.33542
0.996913
1.33542
0.997525
1.33542
0.997948
1.33542
0.99852
1.33542
0.998906
1.33542
0.99949
1.33519
0.999919
1.33519
1.00052
1.33519
1.00092
1.33519
1.0015
1.33519
1.0019
1.33519
1.00249
1.33519
1.00291
1.33519
1.0035
1.33519
1.0039
1.33519
1.00448
1.33681
1.0049
1.33681
1.00549
1.33681
1.0059
1.33681
1.00649
1.33681
1.00689
1.33681
1.00748
1.33681
1.00789
1.33681
1.00849
1.33681
1.00889
1.33681
1.00948
1.3362
1.00989
1.3362
1.01048
1.3362
1.01089
1.3362
1.01148
1.3362
1.01189
1.3362
1.01247
1.3362
1.01288
1.3362
1.01347
1.3362
1.01389
1.3362
1.01447
1.33543
1.01488
1.33543
1.01547
1.33543
1.01588
1.33543
1.01647
1.33543
1.01688
1.33543
1.01747
1.33543
1.01788
1.33543
1.01847
1.33543
1.01888
1.33543
1.01947
1.33637
1.01988
1.33637
1.02047
1.33637
1.02088
1.33637
1.02147
1.33637
1.02188
1.33637
1.02247
1.33637
1.02288
1.33637
1.02346
1.33637
1.02387
1.33637
1.02446
1.3372
1.02487
1.3372
1.02546
1.3372
1.02587
1.3372
1.02646
1.3372
1.02687
1.3372
1.02746
1.3372
1.02787
1.3372
1.02846
1.3372
1.02887
1.3372
1.02946
1.33575
1.02987
1.33575
1.03046
1.33575
1.03087
1.33575
1.03146
1.33575
1.03187
1.33575
1.03246
1.33575
1.03287
1.33575
1.03346
1.33575
1.03387
1.33575
1.03446
1.33616
1.03487
1.33616
1.03546
1.33616
1.03587
1.33616
1.03646
1.33616
1.03687
1.33616
1.03746
1.33616
1.03787
1.33616
1.03846
1.33616
1.03887
1.33616
1.03946
1.33844
1.03987
1.33844
1.04046
1.33844
1.04087
1.33844
1.04146
1.33844
1.04187
1.33844
1.04246
1.33844
1.04287
1.33844
1.04346
1.33844
1.04387
1.33844
1.04446
1.33633
1.04487
1.33633
1.04546
1.33633
1.04587
1.33633
1.04646
1.33633
1.04687
1.33633
1.04746
1.33633
1.04787
1.33633
1.04846
1.33633
1.04887
1.33633
1.04946
1.33615
1.04987
1.33615
1.05046
1.33615
1.05087
1.33615
1.05146
1.33615
1.05187
1.33615
1.05246
1.33615
1.05287
1.33615
1.05346
1.33615
1.05387
1.33615
1.05446
1.33784
1.05487
1.33784
1.05546
1.33784
1.05587
1.33784
1.05646
1.33784
1.05687
1.33784
1.05746
1.33784
1.05787
1.33784
1.05846
1.33784
1.05887
1.33784
1.05946
1.33711
1.05987
1.33711
1.06046
1.33711
1.06087
1.33711
1.06146
1.33711
1.06187
1.33711
1.06246
1.33711
1.06287
1.33711
1.06346
1.33711
1.06387
1.33711
1.06447
1.33633
1.06487
1.33633
1.06547
1.33633
1.06587
1.33633
1.06647
1.33633
1.06687
1.33633
1.06747
1.33633
1.06787
1.33633
1.06847
1.33633
1.06887
1.33633
1.06947
1.3374
1.06988
1.3374
1.07047
1.3374
1.07088
1.3374
1.07147
1.3374
1.07188
1.3374
1.07247
1.3374
1.07288
1.3374
1.07347
1.3374
1.07388
1.3374
1.07447
1.33811
1.07488
1.33811
1.07547
1.33811
1.07588
1.33811
1.07647
1.33811
1.07688
1.33811
1.07747
1.33811
1.07788
1.33811
1.07847
1.33811
1.07888
1.33811
1.07947
1.33672
1.07988
1.33672
1.08047
1.33672
1.08088
1.33672
1.08147
1.33672
1.08188
1.33672
1.08247
1.33672
1.08288
1.33672
1.08347
1.33672
1.08388
1.33672
1.08447
1.33719
1.08488
1.33719
1.08547
1.33719
1.08588
1.33719
1.08647
1.33719
1.08688
1.33719
1.08747
1.33719
1.08788
1.33719
1.08847
1.33719
1.08888
1.33719
1.08947
1.33935
1.08988
1.33935
1.09047
1.33935
1.09088
1.33935
1.09147
1.33935
1.09188
1.33935
1.09247
1.33935
1.09288
1.33935
1.09347
1.33935
1.09388
1.33935
1.09447
1.3373
1.09488
1.3373
1.09547
1.3373
1.09588
1.3373
1.09647
1.3373
1.09688
1.3373
1.09747
1.3373
1.09788
1.3373
1.09847
1.3373
1.09888
1.3373
1.09947
1.33718
1.09988
1.33718
1.10047
1.33718
1.10088
1.33718
1.10148
1.33718
1.10188
1.33718
1.10248
1.33718
1.10288
1.33718
1.10348
1.33718
1.10388
1.33718
1.10448
1.33893
1.10488
1.33893
1.10548
1.33893
1.10588
1.33893
1.10648
1.33893
1.10688
1.33893
1.10748
1.33893
1.10788
1.33893
1.10848
1.33893
1.10888
1.33893
1.10948
1.33808
1.10988
1.33808
1.11048
1.33808
1.11089
1.33808
1.11148
1.33808
1.11189
1.33808
1.11248
1.33808
1.11289
1.33808
1.11348
1.33808
1.11389
1.33808
1.11448
1.33736
1.11489
1.33736
1.11548
1.33736
1.11589
1.33736
1.11648
1.33736
1.11689
1.33736
1.11748
1.33736
1.11789
1.33736
1.11848
1.33736
1.11889
1.33736
1.11948
1.33849
1.11989
1.33849
1.12048
1.33849
1.12089
1.33849
1.12148
1.33849
1.12189
1.33849
1.12248
1.33849
1.12289
1.33849
1.12348
1.33849
1.12389
1.33849
1.12448
1.34173
1.12489
1.34173
1.12548
1.34173
1.12589
1.34173
1.12648
1.34173
1.12689
1.34173
1.12748
1.34173
1.12789
1.34173
1.12848
1.34173
1.12889
1.34173
1.12948
1.34837
1.12989
1.34837
1.13048
1.34837
1.13089
1.34837
1.13148
1.34837
1.13189
1.34837
1.13248
1.34837
1.13289
1.34837
1.13348
1.34837
1.13389
1.34837
1.13449
2.16499
1.13489
2.16499
1.13549
2.16499
1.13589
2.16499
1.13649
2.16499
1.13689
2.16499
1.13749
2.16499
1.13789
2.16499
1.13849
2.16499
1.13889
2.16499
1.13949
2.16514
1.13989
2.16514
1.14049
2.16514
1.14089
2.16514
1.14149
2.16514
1.14189
2.16514
1.14249
2.16514
1.14289
2.16514
1.14349
2.16514
1.14389
2.16514
1.14449
2.17069
1.14489
2.17069
1.14549
2.17069
1.14589
2.17069
1.14649
2.17069
1.1469
2.17069
1.14749
2.17069
1.1479
2.17069
1.14849
2.17069
1.1489
2.17069
1.14949
2.16627
1.1499
2.16627
1.15049
2.16627
1.1509
2.16627
1.15149
2.16627
1.1519
2.16627
1.15249
2.16627
1.1529
2.16627
1.15349
2.16627
1.1539
2.16627
1.15449
2.16479
1.1549
2.16479
1.15549
2.16479
1.1559
2.16479
1.15649
2.16479
1.1569
2.16479
1.15749
2.16479
1.1579
2.16479
1.15849
2.16479
1.1589
2.16479
1.15949
2.16827
1.1599
2.16827
1.16049
2.16827
1.1609
2.16827
1.16149
2.16827
1.1619
2.16827
1.16249
2.16827
1.1629
2.16827
1.16349
2.16827
1.1639
2.16827
1.16449
2.16822
1.1649
2.16822
1.1655
2.16822
1.1659
2.16822
1.1665
2.16822
1.1669
2.16822
1.1675
2.16822
1.1679
2.16822
1.1685
2.16822
1.1689
2.16822
1.1695
2.16499
1.1699
2.16499
1.1705
2.16499
1.1709
2.16499
1.1715
2.16499
1.1719
2.16499
1.1725
2.16499
1.1729
2.16499
1.1735
2.16499
1.1739
2.16499
1.1745
2.16671
1.1749
2.16671
1.1755
2.16671
1.1759
2.16671
1.1765
2.16671
1.1769
2.16671
1.1775
2.16671
1.1779
2.16671
1.1785
2.16671
1.1789
2.16671
1.1795
2.17101
1.1799
2.17101
1.1805
2.17101
1.18091
2.17101
1.1815
2.17101
1.18191
2.17101
1.1825
2.17101
1.18291
2.17101
1.1835
2.17101
1.18391
2.17101
1.1845
2.16574
1.18491
2.16574
1.1855
2.16574
1.18591
2.16574
1.1865
2.16574
1.18691
2.16574
1.1875
2.16574
1.18791
2.16574
1.1885
2.16574
1.18891
2.16574
1.1895
2.16581
1.18991
2.16581
1.1905
2.16581
1.19091
2.16581
1.1915
2.16581
1.19191
2.16581
1.1925
2.16581
1.19291
2.16581
1.1935
2.16581
1.19391
2.16581
1.1945
2.17125
1.19491
2.17125
1.19551
2.17125
1.19591
2.17125
1.19651
2.17125
1.19691
2.17125
1.19751
2.17125
1.19791
2.17125
1.19851
2.17125
1.19891
2.17125
1.19951
2.16707
1.19991
2.16707
1.20051
2.16707
1.20091
2.16707
1.20151
2.16707
1.20191
2.16707
1.20251
2.16707
1.20291
2.16707
1.20351
2.16707
1.20391
2.16707
1.20451
2.16551
1.20491
2.16551
1.20551
2.16551
1.20591
2.16551
1.20651
2.16551
1.20691
2.16551
1.20751
2.16551
1.20791
2.16551
1.20851
2.16551
1.20891
2.16551
1.20951
2.1689
1.20991
2.1689
1.21051
2.1689
1.21091
2.1689
1.21151
2.1689
1.21191
2.1689
1.21251
2.1689
1.21292
2.1689
1.21351
2.1689
1.21392
2.1689
1.21451
2.16909
1.21492
2.16909
1.21551
2.16909
1.21592
2.16909
1.21651
2.16909
1.21692
2.16909
1.21751
2.16909
1.21792
2.16909
1.21851
2.16909
1.21892
2.16909
1.21951
2.16576
1.21992
2.16576
1.22051
2.16576
1.22092
2.16576
1.22151
2.16576
1.22192
2.16576
1.22251
2.16576
1.22292
2.16576
1.22351
2.16576
1.22392
2.16576
1.22452
2.16739
1.22492
2.16739
1.22552
2.16739
1.22592
2.16739
1.22652
2.16739
1.22692
2.16739
1.22752
2.16739
1.22792
2.16739
1.22852
2.16739
1.22892
2.16739
1.22952
2.17197
1.22992
2.17197
1.23052
2.17197
1.23092
2.17197
1.23152
2.17197
1.23192
2.17197
1.23252
2.17197
1.23292
2.17197
1.23352
2.17197
1.23392
2.17197
1.23452
2.16656
1.23492
2.16656
1.23552
2.16656
1.23592
2.16656
1.23652
2.16656
1.23692
2.16656
1.23752
2.16656
1.23792
2.16656
1.23852
2.16656
1.23892
2.16656
1.23952
2.16655
1.23992
2.16655
1.24052
2.16655
1.24092
2.16655
1.24152
2.16655
1.24192
2.16655
1.24252
2.16655
1.24293
2.16655
1.24352
2.16655
1.24393
2.16655
1.24452
2.17186
1.24493
2.17186
1.24552
2.17186
1.24593
2.17186
1.24652
2.17186
1.24693
2.17186
1.24752
2.17186
1.24793
2.17186
1.24852
2.17186
1.24893
2.17186
1.24952
2.16796
1.24993
2.16796
1.25052
2.16796
1.25093
2.16796
1.25152
2.16796
1.25193
2.16796
1.25253
2.16796
1.25293
2.16796
1.25353
2.16796
1.25393
2.16796
1.25453
2.1663
1.25493
2.1663
1.25553
2.1663
1.25593
2.1663
1.25653
2.1663
1.25693
2.1663
1.25753
2.1663
1.25793
2.1663
1.25853
2.1663
1.25893
2.1663
1.25953
2.16957
1.25993
2.16957
1.26053
2.16957
1.26093
2.16957
1.26153
2.16957
1.26193
2.16957
1.26253
2.16957
1.26293
2.16957
1.26353
2.16957
1.26393
2.16957
1.26453
2.17005
1.26493
2.17005
1.26553
2.17005
1.26593
2.17005
1.26653
2.17005
1.26693
2.17005
1.26753
2.17005
1.26793
2.17005
1.26853
2.17005
1.26893
2.17005
1.26953
2.1666
1.26993
2.1666
1.27053
2.1666
1.27093
2.1666
1.27153
2.1666
1.27193
2.1666
1.27253
2.1666
1.27294
2.1666
1.27353
2.1666
1.27394
2.1666
1.27453
2.16812
1.27494
2.16812
1.27553
2.16812
1.27594
2.16812
1.27653
2.16812
1.27694
2.16812
1.27753
2.16812
1.27794
2.16812
1.27853
2.16812
1.27894
2.16812
1.27953
2.17303
1.27994
2.17303
1.28054
2.17303
1.28094
2.17303
1.28154
2.17303
1.28194
2.17303
1.28254
2.17303
1.28294
2.17303
1.28354
2.17303
1.28394
2.17303
1.28454
2.16746
1.28494
2.16746
1.28554
2.16746
1.28594
2.16746
1.28654
2.16746
1.28694
2.16746
1.28754
2.16746
1.28794
2.16746
1.28854
2.16746
1.28894
2.16746
1.28954
2.16734
1.28994
2.16734
1.29054
2.16734
1.29094
2.16734
1.29154
2.16734
1.29194
2.16734
1.29254
2.16734
1.29294
2.16734
1.29354
2.16734
1.29394
2.16734
1.29454
2.1725
1.29494
2.1725
1.29554
2.1725
1.29594
2.1725
1.29654
2.1725
1.29694
2.1725
1.29754
2.1725
1.29794
2.1725
1.29854
2.1725
1.29894
2.1725
1.29954
2.16894
1.29994
2.16894
1.30054
2.16894
1.30095
2.16894
1.30154
2.16894
1.30195
2.16894
1.30254
2.16894
1.30295
2.16894
1.30354
2.16894
1.30395
2.16894
1.30454
2.16715
1.30495
2.16715
1.30554
2.16715
1.30595
2.16715
1.30655
2.16715
1.30695
2.16715
1.30755
2.16715
1.30795
2.16715
1.30855
2.16715
1.30895
